# t x0 y0 vx0 vy0 x1 y1 vx1 vy1 x2 y2 vx2 vy2 E Px Py r_probe_earth altitude_probe perigee dt_used a_probe P_drag
0 0 0 0 0 384748000 0 0 1022 314159000 0 0 1200 -3.77441165071147e+28 0 7.5093494e+25 314159000 307780900 307780900 64 0.00305422308031494 0
640 6.78445123322386 0.00384457212009956 0.0212014050386516 1.80214301323104e-05 384747448.579246 654079.687524195 -1.72318944555204 1021.9985352698 314158374.495592 767999.21762515 -1.95469977730167 1199.99633262152 -3.77441165071147e+28 30750545.6742537 7.5093494e+25 314159306.44455 307781206.44455 307780900 64 0.00305423054748899 0
1280 27.1377854826365 0.0307565640550216 0.0424027492952576 7.20856701173636e-05 384745794.318564 1308157.50019461 -3.44637395091359 1021.99414108331 314156497.988118 1535993.74102909 -3.90938159005471 1199.98533059505 -3.77441165071147e+28 22611474.5242568 7.5093494e+25 314160225.766747 307782125.766747 307780900 64 0.00305425294693134 0
1920 61.0599443975129 0.10380333109241 0.0636039719879336 0.000162192568719646 384743037.222696 1962231.56316271 -5.16954857590728 1021.9868174528 314153370.494822 2303978.87613009 -5.8640274739642 1199.96699424746 -3.77441165071147e+28 94613485.9568746 7.5093494e+25 314161757.93223 307783657.93223 307780900 64 0.00305429027240363 0
2560 108.550830726817 0.246052099465707 0.0848050123351187 0.000288341873880365 384739177.299548 2616300.00159046 -6.892708380382 1021.97656439878 314148992.044448 3071949.92912533 -7.81861946524277 1199.9413241235 -3.77441165071147e+28 39473258.2019689 7.5093494e+25 314163902.883736 307785802.883736 307780900 64 0.00305434251351175 0
3200 169.610308319459 0.48056990182743 0.106005809555736 0.000450533232718049 384734214.560185 3270360.94065553 -8.61584842422603 1021.96338194992 314143362.677235 3839902.20663034 -9.77313960086468 1199.90832098571 -3.77441165071147e+28 143361513.265044 7.5093494e+25 314166660.541106 307788560.541106 307780900 64 0.00305440965571054 0
3840 244.23820212466 0.830423512722914 0.127206302869356 0.000648766191529385 384728149.018835 3924412.5055566 -10.3389637673801 1021.94727014309 314136482.44492 4607831.01581833 -11.7275699188204 1199.86798581432 -3.77441165071147e+28 213137625.564681 7.5093494e+25 314170030.801293 307791930.801293 307780900 64 0.00305449168031051 0
4480 332.434298192415 1.31867938406467 0.148406431496354 0.000883040195790291 384720980.692886 4578452.82151855 -12.0620494698508 1021.92822902338 314128351.410732 5375731.66455949 -13.6818924583717 1199.8203198071 -3.77441165071147e+28 140301045.809869 7.5093494e+25 314174013.538374 307795913.538374 307780900 64 0.00305458856448629 0
5120 434.19834367406 1.96840358060748 0.169606134658078 0.00115335459015723 384712709.60289 5232480.01379774 -13.7851005917231 1021.90625864403 314118969.649397 6143599.46156013 -15.6360892603071 1199.76532437922 -3.77441165071147e+28 166649193.38873 7.5093494e+25 314178608.603566 307800508.603566 307780900 64 0.00305470028128707 0
5760 549.530046822948 2.80266171542447 0.190805351577003 0.00145970861846878 384703335.77256 5886492.20768724 -15.5081121931742 1021.88135906652 314108337.247134 6911429.71650184 -17.5901423671991 1199.70300116305 -3.77441165071147e+28 -43238777.1972062 7.5093494e+25 314183815.825239 307805715.825239 307780900 64 0.00305482679964886 0
6400 678.429076995221 3.84451888538417 0.2120040214769 0.00180210142374739 384692859.228768 6540487.52852208 -17.2310793344863 1021.85353036049 314096454.301653 7679217.74018032 -19.5440338236609 1199.63335200792 -3.77441165071147e+28 17443851.8455761 7.5093494e+25 314189635.00894 307811535.00894 307780900 64 0.0030549680844086 0
7040 820.89506465069 5.11703960662888 0.233202083582991 0.00218053204820146 384681280.00155 7194464.10168446 -18.9539970760595 1021.82277260378 314083320.922155 8446958.84464423 -21.4977456766056 1199.55637897989 -3.77441165071147e+28 -118833708.264392 7.5093494e+25 314196065.937407 307817965.937407 307780900 64 0.00305512409632018 0
7680 976.927601353816 6.64328775005438 0.254399477122113 0.00259499943322757 384668598.124103 7848420.05260907 -20.6768604784253 1021.78908588245 314068937.229332 9214648.34333375 -23.4512599755055 1199.47208436142 -3.77441165071147e+28 29109778.6925267 7.5093494e+25 314203108.370604 307825008.370604 307780900 64 0.00305529479207226 0
8320 1146.5262397748 8.44632647679113 0.275596141322881 0.00304550241941303 384654813.632784 8502353.50678826 -22.3996646022598 1021.75247029072 314053303.35536 9982281.55121905 -25.4045587726539 1199.38047065113 -3.77441165071147e+28 413268733.78647 7.5093494e+25 314210762.045737 307832662.045737 307780900 64 0.0030554801243079 0
8960 1329.69049369076 10.5492181736872 0.296792015415847 0.00353203974653859 384639926.567112 9156262.5897773 -24.1224045083963 1021.71292593102 314036419.443904 10749853.7849385 -27.3576241234269 1199.28154056339 -3.77441165071147e+28 452399467.866128 7.5093494e+25 314219026.677293 307840926.677293 307780900 64 0.00305568004164601 0
9600 1526.41983798703 12.9750243887931 0.317987038633664 0.00405461005358145 384623936.969766 9810145.42719967 -25.8450752578391 1021.67045291397 314018285.650111 11517360.3629365 -29.3104380865484 1199.17529702799 -3.77441165071147e+28 354211846.851198 7.5093494e+25 314227901.957063 307849801.957063 307780900 64 0.00305589448870462 0
10240 1736.71370865858 15.7468057668485 0.339181150211246 0.0046132118787185 384606844.886589 10464000.1447522 -27.5676719117759 1021.62505135839 313998902.14061 12284796.6056015 -31.2629827243555 1199.06174318971 -3.77441165071147e+28 745628377.774314 7.5093494e+25 314237387.554182 307859287.554182 307780900 64 0.0030561234061259 0
10880 1960.57150281146 18.8876219847708 0.360374289385927 0.00520784365932974 384588650.36658 11117824.8682106 -29.2901895315916 1021.57672139127 313978269.093506 13052157.8354032 -33.2152401030667 1198.94088240793 -3.77441165071147e+28 766357689.050725 7.5093494e+25 314247483.115166 307869383.115166 307780900 64 0.00305636673060294 0
11520 2197.99257866444 22.4205316871471 0.381566395397629 0.00583850373200205 384569353.461903 11771617.7234341 -31.012623178881 1021.52546314782 313956386.698385 13819439.3770299 -35.1671922930511 1198.81271825613 -3.77441165071147e+28 935164514.565776 7.5093494e+25 314258188.263947 307880088.263947 307780900 64 0.00305662439490823 0
12160 2448.97625555074 26.3685924217268 0.402757407489018 0.00650519033253308 384548954.227879 12425376.8363714 -32.7349679154622 1021.47127677143 313933255.156302 14586636.5575252 -37.118821369101 1198.67725452141 -3.77441165071147e+28 625252418.694057 7.5093494e+25 314269502.601919 307891402.601919 307780900 64 0.00305689632792392 0
12800 2713.52181391975 30.7548605749187 0.423947264905666 0.00720790159593548 384527452.722992 13079100.3330654 -34.4572188033893 1021.41416241367 313908874.679786 15353744.7064248 -39.0701094107054 1198.534495204 -3.77441165071147e+28 1265503653.59186 7.5093494e+25 314281425.707981 307903325.707981 307780900 64 0.00305718245467373 0
13440 2991.62849533906 35.6023913072897 0.445135906896214 0.00794663555644126 384504849.008885 13732786.3396588 -36.179370904966 1021.35412023432 313883245.492833 16120759.1558925 -41.0210385023267 1198.38444451669 -3.77441165071147e+28 414913512.489646 7.5093494e+25 314293957.138583 307915857.138583 307780900 64 0.00305748269635649 0
14080 3283.29550249638 40.9342384890663 0.466323272712534 0.00872139014750653 384481143.150361 14386432.9823992 -37.9014192827586 1021.29115040134 313856367.8309 16887675.2408563 -42.9715907336795 1198.22710688428 -3.77441165071147e+28 -187248391.789888 7.5093494e+25 314307096.427773 307928996.427773 307780900 64 0.00305779697038142 0
14720 3588.5219992017 46.7734546356402 0.48750930160989 0.00953216320181635 384456335.215384 15040038.387644 -39.6233589996089 1021.22525309088 313828241.94091 17654488.2991437 -44.9217482000117 1198.06248694295 -3.77441165071146e+28 -101143204.992715 7.5093494e+25 314320843.087256 307942743.087256 307780900 64 0.00305812519040486 0
15360 3907.30711038952 53.1430908430761 0.508693932847097 0.0103789524512899 384430425.275076 15693600.6818662 -41.3451851186475 1021.15642848729 313798868.081239 18421193.6716166 -46.8714930023891 1197.89058953966 -3.77441165071146e+28 -361595419.619321 7.5093494e+25 314335196.606439 307957096.606439 307780900 64 0.00305846726636879 0
16000 4239.64992212113 60.0661967236233 0.529877105686685 0.0112617555270857 384403413.40372 16347117.9916595 -43.0668927033069 1021.08467678311 313768246.521719 19187786.7023066 -48.8208072479818 1197.71141973148 -3.77441165071146e+28 -372958286.928325 7.5093494e+25 314350156.452493 307972056.452493 307780900 64 0.00305882310454069 0
16640 4585.54948158712 67.5658203412306 0.551058759395061 0.0121805699596077 384375299.678756 17000588.4437433 -44.7884768173347 1021.00999817904 313736377.54363 19954262.7385486 -50.7696730503541 1197.52498278489 -3.77441165071146e+28 -83975792.6667951 7.5093494e+25 314365722.070411 307987622.070411 307780900 64 0.00305919260755511 0
17280 4945.00479710982 75.6650081470655 0.572238833242668 0.0131353931785104 384346084.180787 17654010.1649679 -46.5099325248066 1020.932392884 313703261.439697 20720617.131115 -52.7180725297572 1197.33128417514 -3.77441165071146e+28 -15160984.8005734 7.5093494e+25 314381892.883065 308003792.883065 307780900 64 0.00305957567445659 0
17920 5318.01483814599 84.3868049150361 0.593417266504148 0.0141262225127057 384315766.993571 18307381.2823203 -48.2312548901394 1020.8518611151 313668898.514087 21486845.2343489 -54.6659878134247 1197.1303295854 -3.77441165071147e+28 117442470.117696 7.5093494e+25 314398668.291277 308020568.291277 307780900 64 0.00305997220074413 0
18560 5704.57853528957 93.7542536773182 0.614593998458503 0.0151530551903686 384284348.204027 18960699.9229288 -49.9524389781044 1020.76840309761 313633289.082402 22252942.406297 -56.613401035872 1196.9221249061 -3.77441165071146e+28 -43520238.1895883 7.5093494e+25 314416047.673876 308037947.673876 307780900 64 0.00306038207841705 0
19200 6104.69478027448 103.790395659886 0.635768968389258 0.0162158883389443 384251827.902231 19613964.2140686 -51.6734798538406 1020.68201906501 313596433.471677 23018904.0088421 -58.5602943391977 1196.70667623408 -3.77441165071146e+28 298110883.542571 7.5093494e+25 314434030.387773 308055930.387773 307780900 64 0.00306080519602225 0
19840 6518.36242597757 114.518270218045 0.656942115584618 0.0173147189851547 384218206.181418 20267172.283167 -53.3943725828673 1020.59270925896 313558332.020372 23784725.4078346 -60.5066498733902 1196.48398987182 -3.77441165071146e+28 -38309759.2441366 7.5093494e+25 314452615.768028 308074515.768028 307780900 64 0.00306124143870282 0
20480 6945.58028642172 125.960914771977 0.678113379337635 0.0184495440550055 384183483.137982 20920322.2578083 -55.1151122310976 1020.50047392931 313518985.078369 24550401.9732242 -62.4524497966357 1196.25407232652 -3.77441165071146e+28 1012814034.97394 7.5093494e+25 314471803.127924 308093703.127924 307780900 64 0.00306169068824797 0
21120 7386.34713677893 138.141364742275 0.699282698946366 0.0196203603737935 384147658.871472 21573412.2657398 -56.8356938648516 1020.40531333407 313478393.006967 25315929.0791904 -64.3976762756311 1196.01693030933 -3.77441165071146e+28 1204963742.02654 7.5093494e+25 314491591.759041 308113491.759041 307780900 64 0.00306215282314432 0
21760 7840.6617133736 151.082653485502 0.720450013714034 0.0208271646661141 384110733.484597 22226440.434876 -58.5561125508692 1020.30722773948 313436556.178874 26081302.104273 -66.3423114858999 1195.77257073438 -3.77441165071146e+28 1350037143.95479 7.5093494e+25 314511980.931331 308133880.931331 307780900 64 0.00306262771862825 0
22400 8308.52271368592 164.807812229737 0.741615262949193 0.0220699535558695 384072707.083222 22879404.8933049 -60.2763633563234 1020.20621741993 313393474.978203 26846516.4315015 -68.2863376121123 1195.5210007179 -3.77441165071146e+28 2069744529.28083 7.50934940000001e+25 314532969.893201 308154869.893201 307780900 64 0.00306311524673971 0
23040 8789.92879635526 179.339870010137 0.762778385965883 0.0233487235662757 384033579.776368 23532303.7692924 -61.9964413488336 1020.10228265801 313349149.800467 27611567.448524 -70.2297368484083 1195.26222757727 -3.77441165071146e+28 3649946956.91315 7.50934940000001e+25 314554557.871595 308176457.871595 307780900 64 0.00306361527637699 0
23680 9284.8785811838 194.7018536045 0.783939322083798 0.024663471119872 383993351.676214 24185135.1912881 -63.7163415964783 1019.99542374447 313303581.05257 28376450.5477362 -72.1724913987248 1194.99625883006 -3.77441165071146e+28 3314137942.37068 7.50934940000001e+25 314576744.072072 308198644.072072 307780900 64 0.00306412767335273 0
24320 9793.37064914018 210.916787468835 0.805098010628444 0.0260141925385284 383952022.898095 24837897.2879301 -65.4360591678085 1019.88564097826 313256769.152804 29141161.1264086 -74.1145834771274 1194.723102193 -3.77441165071146e+28 2071889003.73362 7.50934940000001e+25 314599527.678898 308221427.678898 307780900 64 0.00306465230045099 0
24960 10315.4035423633 228.007693672936 0.826254390931301 0.0274008840434551 383909593.560502 25490588.1880505 -67.1555891318607 1019.77293466653 313208714.530839 29905694.5868139 -76.0559953081449 1194.44276558102 -3.77441165071146e+28 889018671.776477 7.50934940000001e+25 314622907.855128 308244807.855128 307780900 64 0.00306518901748539 0
25600 10850.975764166 245.997591835963 0.847408402329984 0.028823541755211 383866063.785081 26143206.0206807 -68.8749265581701 1019.65730512457 313159417.627719 30670046.3363535 -77.9967091271086 1194.15525710618 -3.77441165071146e+28 -9725584.17221157 7.5093494e+25 314646883.742702 308268783.742702 307780900 64 0.00306573768135823 0
26240 11400.0857790394 264.909499062028 0.868559984168404 0.0302821616937131 383821433.696634 26795748.9150564 -70.5940665167836 1019.53875267587 313108878.895853 31434211.7876834 -79.9367071804956 1193.86058507661 -3.77441165071146e+28 1009008816.13089 7.5093494e+25 314671454.462532 308293354.462532 307780900 64 0.00306629814612059 0
26880 11962.7320126567 284.766429875785 0.889709075796929 0.0317767397782459 383775703.423118 27448215.0006231 -72.313004078273 1019.41727765211 313057098.799009 32198186.3588392 -81.8759717262754 1193.55875799543 -3.77441165071146e+28 -93447750.1141491 7.50934940000001e+25 314696619.114599 308318519.114599 307780900 64 0.00306687026303338 0
27520 12538.9128518775 305.591396158032 0.910855616572549 0.0333072718274711 383728873.095643 28100602.4070409 -74.031734313748 1019.29288039314 313004077.812307 32961965.4733605 -83.8144850342618 1193.24978455964 -3.77441165071147e+28 696482310.881444 7.50934940000001e+25 314722376.778048 308344276.778048 307780900 64 0.00306745388062924 0
28160 13128.6266447518 327.407407081315 0.931999545859032 0.0348737535594375 383680942.848477 28752909.2641903 -75.7502522948697 1019.16556124696 312949816.42221 33725544.560415 -85.7522293864683 1192.93367365901 -3.77441165071146e+28 1995472681.76482 7.50934940000001e+25 314748726.511286 308370626.511286 307780900 64 0.00306804884477529 0
28800 13731.871700525 350.237469045534 0.953140803027088 0.0364761805915912 383631912.819038 29405133.702177 -77.468553093863 1019.0353205698 312894315.126514 34488919.0549209 -87.6891870774676 1192.61043437487 -3.77441165071146e+28 1886894718.49339 7.50934940000001e+25 314775667.352082 308397567.352082 307780900 64 0.00306865499873669 0
29440 14348.6462896418 374.104585613569 0.97427932745453 0.0381145484407859 383581783.1479 30057273.8513374 -79.1866317835302 1018.90215872602 312837574.434346 35252084.3976697 -89.6253404147555 1192.28007597903 -3.77441165071146e+28 2340856253.42019 7.50934940000001e+25 314803198.317668 308425098.317668 307780900 64 0.00306927218324097 0
30080 14978.9486437509 399.031757446896 0.995415058526434 0.0397888525232937 383530553.97879 30709327.8422435 -80.9044834372642 1018.76607608818 312779594.86615 36015036.0354472 -91.5606717191196 1191.9426079325 -3.77441165071146e+28 326155432.383469 7.50934940000001e+25 314831318.404845 308453218.404845 307780900 64 0.003069900236543 0
30720 15622.7769557101 425.041982241223 1.0165479356353 0.0414990881548157 383478225.458586 31361293.8057087 -82.6221031290613 1018.627073037 312720376.953681 36777769.4211549 -93.4951633250113 1191.59803988434 -3.77441165071146e+28 -3533854890.39015 7.50934940000001e+25 314860026.590088 308481926.590088 307780900 64 0.00307053899449073 0
31360 16280.1293795906 452.158254662128 1.03767789818123 0.0432452505504935 383424797.73732 32013169.8727923 -84.3394859335342 1018.48514996138 312659921.239996 37540280.0139291 -95.428797580923 1191.24638167036 -3.77441165071147e+28 -8953011.5604933 7.50934940000001e+25 314889321.829651 308511221.829651 307780900 64 0.00307118829059149 0
32000 16951.0040306823 480.403566280703 1.05880488557204 0.0450273348249203 383370270.968177 32664954.1748054 -86.0566269259256 1018.3403072584 312598228.279442 38302563.2792608 -97.3615568497688 1190.88764331194 -3.77441165071147e+28 197273253.413651 7.50934940000001e+25 314919203.05968 308541103.05968 307780900 64 0.00307184795607888 0
32640 17635.3989854984 509.800905509206 1.07992883722349 0.0468453359921526 383314645.307492 33316644.8433156 -87.773521182121 1018.1925453333 312535298.637651 39064614.6891135 -99.2934235092707 1190.5218350147 -3.77441165071147e+28 -978680385.9113 7.50934940000001e+25 314949669.196323 308571569.196323 307780900 64 0.00307251781998019 0
33280 18333.312281781 540.373257536725 1.1010496925594 0.0486992489657217 383257920.914751 33968240.0101527 -89.4901637786616 1018.04186459949 312471132.891529 39826429.722041 -101.224379952348 1190.14896716723 -3.77441165071147e+28 1530731248.21273 7.50934940000001e+25 314980719.13584 308602619.13584 307780900 64 0.00307319770918438 0
33920 19044.7419185059 572.143604264841 1.1221673910118 0.0505890685586464 383200097.952593 34619737.8074137 -91.2065497927577 1017.88826547856 312405731.629245 40588003.8633039 -103.154408587511 1189.76905033977 -3.77441165071147e+28 3873972870.99727 7.50934940000001e+25 315012351.754724 308634251.754724 307780900 64 0.00307388744851039 0
34560 19769.6858558882 605.134924243307 1.14328187202114 0.0525147894834448 383141176.586804 35271136.3674677 -92.9226743023019 1017.73174840025 312339095.450219 41349332.6049857 -105.083491839261 1189.38209528291 -3.77441165071147e+28 4261201890.56709 7.50934940000001e+25 315044565.909809 308666465.909809 307780900 64 0.00307458686077603 0
35200 20508.1420153875 639.370192605731 1.16439307503641 0.054476406352147 383081156.986324 35922433.8229618 -94.6385323858817 1017.57231380248 312271224.965118 42110411.4461075 -107.011612148491 1188.98811292618 -3.77441165071147e+28 6399277943.31884 7.50934940000001e+25 315077360.438396 308699260.438396 307780900 64 0.00307529576686699 0
35840 21260.1082797136 674.872381005268 1.18550093951532 0.056473913676308 383020039.323238 36573628.3068258 -96.3541191227932 1017.40996213135 312202120.795839 42871235.8927421 -108.938751972897 1188.58711437673 -3.77441165071147e+28 6249607730.82844 7.50934940000001e+25 315110734.158369 308732634.158369 307780900 64 0.00307601398580645 0
36480 22025.5824928321 711.664457550318 1.20660540492445 0.0585073058670206 382957823.772783 37224717.9522778 -98.0694295930536 1017.2446938411 312131783.575502 43631801.4581278 -110.864893787383 1188.17911091796 -3.77441165071147e+28 4082659999.30085 7.50934940000001e+25 315144685.868314 308766585.868314 307780900 64 0.00307674133482479 0
37120 22804.5624599701 749.769386740237 1.22770641073942 0.0605765772349285 382894510.513345 37875700.8928289 -99.7844588774148 1017.07650939414 312060213.948435 44392103.6627797 -112.790020084484 1187.76411400807 -3.77441165071147e+28 5883774835.29315 7.5093494e+25 315179214.347646 308801114.347646 307780900 64 0.00307747762942953 0
37760 23597.0459476219 789.210129401054 1.24880389644505 0.0626817219902403 382830099.726456 38526575.2622892 -101.499202057376 1016.90540926105 311987412.570169 45152138.034602 -114.714113374781 1187.34213527869 -3.77441165071146e+28 7756528889.9842 7.50934940000001e+25 315214318.356733 308836218.356733 307780900 64 0.00307822268347559 0
38400 24403.0306835551 830.009642621193 1.26989780153551 0.0648227342427428 382764591.596796 39177339.1947721 -103.213654215198 1016.73139392058 311913380.107418 45911900.1089984 -116.637156187329 1186.91318653342 -3.77441165071146e+28 8154675471.17101 7.50934940000001e+25 315249996.637018 308871896.637018 307780900 64 0.00307897630923559 0
39040 25222.5143568168 872.190879687213 1.29098806551451 0.0669996080018152 382697986.312194 39827990.8247004 -104.927810433913 1016.55446385962 311838117.238074 46671385.4289814 -118.559131070082 1186.47727974639 -3.77441165071146e+28 10332124810.9007 7.50934940000001e+25 315286247.911151 308908147.911151 307780900 64 0.00307973831747029 0
39680 26055.4946177394 915.776790019549 1.31207462789542 0.0692123371764431 382630284.063624 40478528.2868109 -106.641665797344 1016.37461957323 311761624.651192 47430589.5452809 -120.480020590329 1186.03442706082 -3.77441165071146e+28 12026305853.467 7.50934940000001e+25 315323070.883116 308944970.883116 307780900 64 0.00308050851749912 0
40320 26901.9690779469 960.790319108262 1.33315742820146 0.0714609155752334 382561485.045205 41128949.71616 -108.35521539011 1016.19186156464 311683903.046977 48189508.0164526 -122.39980733513 1185.58464078749 -3.77441165071146e+28 16498081115.042 7.50934940000001e+25 315360464.238362 308982364.238362 307780900 64 0.00308128671727074 0
40960 27761.9353103616 1007.25440844881 1.35423640596584 0.0737453369064283 382491589.454204 41779253.2481286 -110.068454297644 1016.00619034521 311604953.136773 48948136.4089841 -124.318473911756 1185.12793340329 -3.77441165071146e+28 13891311548.4925 7.50934940000001e+25 315398426.643931 309020326.643931 307780900 64 0.00308207272343357 0
41600 28635.3908492101 1055.1919954778 1.37531150073197 0.0760655947779211 382420597.491032 42429437.0184277 -111.781377606208 1015.81760643448 311524775.643046 49706470.2974009 -126.236002948135 1184.66431754973 -3.77441165071146e+28 12319015833.9188 7.50934940000001e+25 315436956.748598 309058856.748598 307780900 64 0.00308286634140627 0
42240 29522.3331900303 1104.6260135088 1.39638265205355 0.0784216826972707 382348509.359244 43079499.1631031 -113.493980402898 1015.62611036014 311443371.299376 50464505.2643714 -128.152377093304 1184.19380603136 -3.77441165071146e+28 10633000651.4713 7.50934940000001e+25 315476053.182998 309097953.182998 307780900 64 0.00308366737544814 0
42880 30422.7597896775 1155.57939166811 1.41744979949477 0.0808135940717172 382275325.26554 43729437.8185413 -115.206257775668 1015.43170265803 311360740.85044 51222236.9008108 -130.067579017855 1183.71641181429 -3.77441165071146e+28 11404263224.3439 7.50934940000001e+25 315515714.559768 309137614.559768 307780900 64 0.00308447562872939 0
43520 31336.6680663317 1208.07505483055 1.43851288263048 0.0832413222081978 382201045.419763 44379251.1214741 -116.918204813332 1015.23438387213 311276885.051999 51979660.8059838 -131.981591414402 1183.23214802463 -3.77441165071145e+28 11020345036.0469 7.50934940000001e+25 315555939.47368 309177839.47368 307780900 64 0.00308529090340125 0
44160 32264.0553995042 1262.1359235553 1.45957184104633 0.0857048603133623 382125670.034898 45028937.2089842 -118.629816605586 1015.0341545546 311191804.670883 52736772.5876065 -133.894396998031 1182.74102794692 -3.77441165071145e+28 12429167556.6714 7.50934940000001e+25 315596726.501779 309218626.501779 307780900 64 0.00308611300066588 0
44800 33204.9191300446 1317.78491402171 1.48062661433894 0.0882042014935896 382049199.327074 45678494.2185101 -120.341088243017 1014.83101526573 311105500.484978 53493567.8619475 -135.805978506775 1182.24306502258 -3.77441165071145e+28 15177244255.9797 7.50934940000001e+25 315638074.203525 309259974.203525 307780900 64 0.00308694172084599 0
45440 34159.256560148 1375.04493796513 1.50167714211607 0.0907393387550038 381971633.515561 46327920.2878516 -122.052014817115 1014.62496657396 311017973.283208 54250042.2539276 -137.716318702076 1181.73827284832 -3.77441165071145e+28 15386897850.0346 7.50934940000001e+25 315679981.120933 309301881.120933 307780900 64 0.00308777686345428 0
46080 35127.0649533618 1433.93890261274 1.52272336399674 0.0933102650034911 381892972.822769 46977213.5551751 -123.762591420288 1014.41600905588 310929223.865525 55006191.397219 -139.625400369257 1181.22666517456 -3.77441165071145e+28 13959370766.016 7.50934940000001e+25 315722445.778712 309344345.778712 307780900 64 0.0030886182272625 0
46720 36108.3415345936 1494.48971061943 1.54376521961145 0.0959169730447162 381813217.47425 47626372.1590182 -125.472813145876 1014.20414329623 310839253.042889 55762010.9343426 -141.533206318002 1180.70825590379 -3.77441165071145e+28 15567013121.1241 7.50934940000001e+25 315765466.68441 309387366.68441 307780900 64 0.00308946561037014 0
47360 37103.083490118 1556.72026000364 1.5648026486023 0.0985594555841399 381732367.698696 48275394.2382958 -127.182675088163 1013.98936988788 310748061.637254 56517496.5167654 -143.439719382831 1180.18305908901 -3.77441165071145e+28 14307814883.3953 7.50934940000001e+25 315809042.328558 309430942.328558 307780900 64 0.00309031881027283 0
48000 38111.2879675842 1620.65344408325 1.58583559062317 0.101237705227036 381650423.727937 48924277.9323045 -128.892172342387 1013.77168943185 310655650.481551 57272643.8049958 -145.344922423586 1179.6510889321 -3.77441165071145e+28 14231572034.7878 7.50934940000001e+25 315853171.184813 309475071.184813 307780900 64 0.00309117762393025 0
48640 39132.952076024 1686.31215141145 1.60686398533985 0.103951714478509 381567385.796944 49573021.3807283 -130.601300004758 1013.55110253732 310562020.419675 58027448.4686789 -147.248798325914 1179.11235978213 -3.77441165071145e+28 12432943154.7228 7.50934940000001e+25 315897851.710107 309519751.710107 307780900 64 0.00309204184783365 0
49280 40168.0728858589 1753.71926571267 1.62788777243027 0.106701475743513 381483254.143823 50221622.7236437 -132.31005317247 1013.32760982157 310467172.306462 58781906.1866896 -149.151330001756 1178.5668861338 -3.77441165071146e+28 12386702188.1711 7.50934940000001e+25 315943082.34479 309564982.34479 307780900 64 0.00309291127807283 0
49920 41216.6474289083 1822.89766581844 1.64890689158456 0.109486981326867 381398029.009821 50870080.1015248 -134.01842694371 1013.10121191007 310371107.007681 59536012.6472258 -151.052500389843 1178.01468262574 -3.77441165071145e+28 9424845493.92379 7.50934940000001e+25 315988861.512779 309610761.512779 307780900 64 0.0030937857104027 0
50560 42278.6726983972 1893.87022560336 1.6699212825053 0.112308223433275 381311710.639318 51518391.6552486 -135.726416417677 1012.87190943638 310273825.400006 60289763.5478994 -152.952292456186 1177.45576403889 -3.77441165071146e+28 8908278395.03916 7.50934940000001e+25 316035187.62171 309657087.62171 307780900 64 0.00309466494030918 0
51200 43354.1456489644 1966.65981392098 1.69093088490765 0.115165194167347 381224299.279835 52166555.5261002 -137.434016694591 1012.63970304221 310175328.371007 61043154.5958277 -154.85068919458 1176.89014529479 -3.77441165071146e+28 9822576247.93261 7.50934940000001e+25 316082059.063082 309703959.063082 307780900 64 0.0030955487630747 0
51840 44443.0631966703 2041.28929453981 1.71193563851947 0.118057885533612 381135795.182023 52814569.8557781 -139.141222875706 1012.40459337743 310075616.819129 61796181.5077218 -156.7476736271 1176.31784145394 -3.77441165071146e+28 6932256189.09753 7.50934940000001e+25 316129474.212411 309751374.212411 307780900 64 0.00309643697384293 0
52480 45545.4222190053 2117.7815260792 1.73293548308156 0.120986289436542 381046198.599672 53462432.7863992 -140.848030063327 1012.1665811 309974691.653672 62548840.009976 -158.643228804606 1175.73886771414 -3.77441165071146e+28 3071858931.28388 7.50934940000001e+25 316177431.42938 309799331.42938 307780900 64 0.00309732936768303 0
53120 46661.2195548981 2196.15936194539 1.75393035834776 0.123950397680569 380955509.789705 54110142.4605042 -142.554433360818 1011.92566687605 309872553.794776 63301125.8387543 -160.537337807254 1175.15323940875 -3.77441165071146e+28 3902311150.58352 7.50934940000001e+25 316225929.05799 309847829.05799 307780900 64 0.00309822573965316 0
53760 47790.4520047242 2276.44565026742 1.77492020408512 0.126950201970104 380863729.012178 54757697.0210624 -144.260427872617 1011.68185137981 309769204.173399 64053034.7400773 -162.429983744999 1174.56097200507 -3.77441165071146e+28 4609628619.15543 7.50934940000001e+25 316274965.426716 309896865.426716 307780900 64 0.00309912588486337 0
54400 48933.116330314 2358.66323383315 1.79590496007407 0.12998569390956 380770856.53028 55405094.6114778 -145.966008704252 1011.43513529366 309664643.7313 64804562.4699068 -164.321149758109 1173.96208110256 -3.77441165071146e+28 6017831663.94664 7.50934940000001e+25 316324538.848655 309946438.848655 307780900 64 0.00310002959853773 0
55040 50089.2092549619 2442.83495002529 1.8168845661086 0.133056865003366 380676892.610332 56052333.3755931 -147.67117096235 1011.18551930808 309558873.421017 65555704.7942303 -166.21081901768 1173.35658243123 -3.77441165071146e+28 5464332187.05301 7.50934940000001e+25 316374647.621684 309996547.621684 307780900 64 0.00310093667607587 0
55680 51258.7274634349 2528.98363075739 1.83785896199639 0.136163706655994 380581837.521788 56699411.4576959 -149.37590975465 1010.9330041217 309451894.205848 66306457.4891437 -168.098974726149 1172.74449184986 -3.77441165071146e+28 2175430884.44017 7.50934940000001e+25 316425290.028614 310047190.028614 307780900 64 0.00310184691311358 0
56320 52441.6676019812 2617.13210240986 1.85882808755896 0.139306210171975 380485691.537229 57346327.0025234 -151.08022019002 1010.67759044127 309343707.059835 67056816.3409334 -169.985600117814 1172.12582534434 -3.77441165071146e+28 967464450.122089 7.50934940000001e+25 316476464.337344 310098364.337344 307780900 64 0.00310276010558282 0
56960 53638.0262783392 2707.30318576606 1.87979188263188 0.14248436675592 380388454.932371 57993078.1552677 -152.784097378466 1010.41927898164 309234312.967735 67806777.1461568 -171.870678459356 1171.50059902591 -3.77441165071145e+28 -1468483220.38914 7.50934940000001e+25 316528168.801017 310150068.801017 307780900 64 0.00310367604977083 0
57600 54847.8000617467 2799.51969594832 1.90075028706488 0.145698167512543 380290127.986054 58639663.0615812 -154.487536431148 1010.15807046579 309123712.925007 68556335.7117224 -173.754193050355 1170.86882912949 -3.77441165071146e+28 -2187157290.08694 7.50934940000001e+25 316580401.658178 310202301.658178 307780900 64 0.00310459454237845 0
58240 56070.9854829499 2893.80444235403 1.92170324072205 0.148947603446681 380190710.98025 59286079.8675812 -156.19053246039 1009.89396562484 309011907.937787 69305487.8549678 -175.63612722382 1170.23053201193 -3.77441165071145e+28 -3616078833.20273 7.50934940000001e+25 316633161.132928 310255061.132928 307780900 64 0.00310551538057771 0
58880 57307.5790342127 2990.18022859171 1.94265068348197 0.152232665463314 380090204.200059 59932326.7198559 -157.893080579696 1009.626965198 308898899.022865 70054229.4037381 -177.516464346709 1169.58572415027 -3.77441165071145e+28 528170383.879498 7.50934940000001e+25 316686445.435082 310308345.435082 307780900 64 0.00310643836206842 0
59520 58557.5771693259 3088.66985241714 1.96359255523789 0.15555334436759 379988607.933705 60578401.765469 -159.595175903761 1009.35706993259 308784687.207668 70802556.196461 -179.395187820458 1168.93442214008 -3.77441165071145e+28 -887109148.469503 7.50934940000001e+25 316740252.760332 310362152.760332 307780900 64 0.00310736328513396 0
60160 59820.9763036167 3189.29610566944 1.98452879589787 0.158909630864842 379885922.47254 61224303.1519652 -161.296813548486 1009.08428058406 308669273.530234 71550464.0822234 -181.27228108151 1168.27664269363 -3.77441165071145e+28 940450438.86794 7.50934940000001e+25 316794581.290395 310416481.290395 307780900 64 0.00310828994869626 0
60800 61097.7728139582 3292.0817742072 2.00545934538497 0.162301515560616 379782148.111043 61870029.0273751 -162.997988630987 1008.80859791597 308552659.039189 72297948.9208448 -183.14772760184 1167.61240263826 -3.77441165071145e+28 4030551525.75277 7.50934940000001e+25 316849429.193181 310471329.193181 307780900 64 0.00310921815236977 0
61440 62387.9630387792 3397.04963784465 2.02638414363737 0.165728988960687 379677285.146814 62515577.5402207 -164.698696269614 1008.53002269999 308434844.793727 73045006.5829503 -185.021510889491 1166.94171891459 -3.77441165071145e+28 -501196680.485596 7.50934940000001e+25 316904794.622946 310526694.622946 307780900 64 0.00311014769651457 0
62080 63691.5432780739 3504.22247028779 2.04730313060859 0.169192041471088 379571333.88058 63160946.8395205 -166.398931583958 1008.24855571587 308315831.863584 73791632.9500432 -186.893614489099 1166.26460857479 -3.77441165071145e+28 -2125219783.96819 7.50934940000001e+25 316960675.720454 310582575.720454 307780900 64 0.00311107838228857 0
62720 65008.5097934115 3613.62303907057 2.06821624626758 0.172690663398128 379464294.61619 63806135.0747945 -168.09868969487 1007.96419775149 308195621.329017 74537823.9145751 -188.764021982428 1165.58108878086 -3.77441165071145e+28 1123189621.55195 7.50934940000001e+25 317017070.613135 310638970.613135 307780900 64 0.00311201001169874 0
63360 66338.8588079464 3725.27410549106 2.08912343059893 0.176224844948416 379356167.660615 64451140.3960697 -169.797965724469 1007.67694960284 308074214.280777 75283575.380016 -190.632716988904 1164.89117680291 -3.77441165071145e+28 3606118467.04631 7.50934940000001e+25 317073977.415246 310695877.415246 307780900 64 0.00311294238765139 0
64000 67682.5865064282 3839.19842454769 2.11002462360301 0.179794576228887 379246953.323947 65095960.953885 -171.496754796156 1007.386812074 307951611.820088 76028883.2609231 -192.499683166142 1164.19489001739 -3.77441165071145e+28 -98277404.1571796 7.50934940000001e+25 317131394.22803 310753294.22803 307780900 64 0.00311387531400149 0
64640 69039.6890352118 3955.41874487541 2.13091976529613 0.183399847246823 379136651.9194 65740594.8992965 -173.19505203463 1007.09378597714 307827815.05862 76773743.4830079 -194.364904210489 1163.4922459054 -3.77441165071146e+28 -3259541665.28872 7.50934940000001e+25 317189319.139876 310811219.139876 307780900 64 0.00311480859560104 0
65280 70410.1625022678 4073.95780868196 2.15180879571072 0.187040647909875 379025263.763307 66385040.3838828 -174.892852565897 1006.79787213254 307702825.118464 77518151.9832029 -196.228363857547 1162.78326205089 -3.77441165071145e+28 -6916090429.95814 7.50934940000001e+25 317247750.226481 310869650.226481 307780900 64 0.00311574203834644 0
65920 71794.0029771924 4194.8383516841 2.17269165489546 0.190716968026093 378912789.175119 67029295.55975 -176.590151517287 1006.49907136857 307576643.132109 78262104.7097268 -198.090045882714 1162.06795613901 -3.77441165071145e+28 -8175547497.7983 7.50934940000001e+25 317306685.551008 310928585.551008 307780900 64 0.0031166754492248 0
66560 73191.2064912187 4318.08310304388 2.19356828291545 0.194428797303943 378799228.477408 67673358.5795368 -178.286944017462 1006.1973845217 307449270.242413 79005597.6221486 -199.949934101715 1161.34634595434 -3.77441165071145e+28 -7132731981.92217 7.50934940000001e+25 317366123.164246 310988023.164246 307780900 64 0.00311760863635941 0
67200 74601.7690372264 4443.7147853049 2.2144386198524 0.198176125352338 378684581.995859 68317227.5964202 -179.983225196436 1005.89281243649 307320707.602581 79748626.691451 -201.808012371138 1160.61844937914 -3.77441165071145e+28 -7877470330.01964 7.50934940000001e+25 317426061.104776 311047961.104776 307780900 64 0.00311854140905401 0
67840 76025.6865697529 4571.75611432863 2.23530260580473 0.201958941680659 378568850.059277 68960900.7641199 -181.67899018558 1005.58535596558 307190956.376136 80491187.9000919 -203.664264588961 1159.88428439165 -3.77441165071145e+28 -12941673993.09 7.50934940000001e+25 317486497.399125 311108397.399125 307780900 64 0.0031194735778362 0
68480 77462.9550050042 4702.22979923068 2.2561601808878 0.20577723569878 378452032.99958 69604376.2369041 -183.374234117641 1005.27501596972 307060017.736891 81233277.2420658 -205.518674695092 1159.14386906439 -3.77441165071145e+28 -17805558798.3564 7.50934940000001e+25 317547430.061931 311169330.061931 307780900 64 0.00312040495449972 0
69120 78913.5702208653 4835.15854231715 2.277011285234 0.209630996717093 378334131.151803 70247652.1695944 -185.068952126754 1004.96179331771 306927892.868927 81974890.7229631 -207.371226671895 1158.39722156237 -3.77441165071145e+28 -17993057689.27 7.50934940000001e+25 317608857.096102 311230757.096102 307780900 64 0.0031213353521458 0
69760 80377.5280569116 4970.56503902097 2.29785585899298 0.213520213946538 378215144.854093 70890726.7175711 -186.76313934845 1004.64568888647 306794582.96656 82716024.360029 -209.221904544728 1157.64436014144 -3.77441165071145e+28 -18787850746.9706 7.50934940000001e+25 317670776.492976 311292676.492976 307780900 64 0.00312226458522336 0
70400 81854.8243144199 5108.47197783826 2.31869384233174 0.217444876498622 378095074.447709 71533598.0367783 -188.456790919678 1004.32670356098 306660089.234318 83456674.182221 -211.070692382466 1156.88530314654 -3.77441165071145e+28 -18647316098.1084 7.50934940000001e+25 317733186.232483 311355086.232483 307780900 64 0.00312319246956833 0
71040 83345.4547563792 5248.90204026466 2.33952517543484 0.221404973385449 377973920.277024 72176264.2837289 -190.149901978808 1004.00483823431 306524412.886908 84196836.2302657 -212.917574298035 1156.12006900998 -3.77441165071145e+28 -25361010880.3052 7.50934940000001e+25 317796084.283307 311417984.283307 307780900 64 0.00312411882244178 0
71680 84849.4151075026 5391.8779007318 2.36034979850456 0.225400493519745 377851682.689522 72818723.6155102 -191.842467665654 1003.68009380759 306387555.149193 84936506.5567135 -214.76253444894 1155.34867624977 -3.77441165071146e+28 -22462178078.5225 7.50934940000001e+25 317859468.603041 311481368.603041 307780900 64 0.00312504346256713 0
72320 86366.7010542381 5537.42222654362 2.38116765176101 0.229431425714885 377728362.035795 73460974.1897885 -193.534483121477 1003.35247119004 306249517.25616 85675681.2259935 -216.605557037788 1154.57114346789 -3.77441165071146e+28 -23804366337.7939 7.50934940000001e+25 317923337.138353 311545237.138353 307780900 64 0.00312596621016622 0
72960 87897.3082447805 5685.55767781287 2.40197867544235 0.233497758684919 377603958.669545 74103014.164815 -195.225943489006 1003.02197129896 306110300.452892 86414356.3144665 -218.446626312821 1153.78748934856 -3.77441165071146e+28 -25177118080.3218 7.50934940000001e+25 317987687.825142 311609587.825142 307780900 64 0.00312688688699444 0
73600 89441.2322890828 5836.30690739748 2.42278280980491 0.237599481044599 377478472.947584 74744841.6994302 -196.916843912448 1002.6885950597 305969905.994538 87152527.9104769 -220.28572656843 1152.99773265663 -3.77441165071146e+28 -22316225598.028 7.50934940000001e+25 318052518.588702 311674418.588702 307780900 64 0.00312780531637473 0
74240 90998.4687588679 5989.69256083709 2.44357999512336 0.241736581309406 377351905.229828 75386454.9530696 -198.607179537498 1002.3523434057 305828335.146283 87890192.1144042 -222.122842145685 1152.2018922358 -3.77441165071146e+28 -24678161553.2857 7.50934940000001e+25 318117827.343878 311739727.343878 307780900 64 0.00312872132323064 0
74880 92569.0131876404 6145.73727628945 2.46437017169089 0.24590904789558 377224255.879301 76027852.0857685 -200.296945511358 1002.01321727844 305685589.18332 88627345.0387125 -223.957957432852 1151.39998700699 -3.77441165071146e+28 -21969869223.6525 7.50934940000001e+25 318183611.995225 311805511.995225 307780900 64 0.00312963473411822 0
75520 94152.8610706985 6304.46368446699 2.48515327981934 0.25011686912014 377095525.262134 76669031.2581675 -201.986136982745 1001.67121762748 305541669.390818 89363982.8079995 -225.791056865911 1150.59203596666 -3.77441165071146e+28 -19457171186.7844 7.50934940000001e+25 318249870.437171 311871770.437171 307780900 64 0.00313054537725699 0
76160 95750.0078651459 6465.89440857327 2.50592925983937 0.254360033200922 376965713.747559 77309990.6315175 -203.674749101906 1001.32634541046 305396577.063891 90100101.5590445 -227.622124929071 1149.7780581851 -3.77441165071146e+28 -17616028269.8975 7.50934940000001e+25 318316600.554174 311938500.554174 307780900 64 0.00313145308255982 0
76800 97360.4489899042 6630.05206423952 2.52669805210063 0.258638528256601 376834821.707913 77950728.3676848 -205.362777020632 1000.97860159304 305250313.507568 90835697.4408549 -229.451146155286 1148.9580728048 -3.77441165071146e+28 -17021326937.5894 7.50934940000001e+25 318383800.220878 312005700.220878 307780900 64 0.00313235768166182 0
77440 98984.1798257247 6796.95925946123 2.54745959697189 0.262952342306717 376702849.518636 78591242.6291562 -207.050215892267 1000.62798714896 305102880.03676 91570766.6147119 -231.278105126764 1148.13209903877 -3.77441165071146e+28 -15296290833.6648 7.50934940000001e+25 318451467.302276 312073367.302276 307780900 64 0.00313325900794815 0
78080 100621.195715201 6966.63859453466 2.56821383484124 0.267301463271712 376569797.558268 79231531.5790445 -208.737060871727 1000.27450306002 304954277.976232 92305305.2542152 -233.102986475477 1147.30015616889 -3.77441165071146e+28 -20591202760.9567 7.50934940000001e+25 318519599.653863 312141499.653863 307780900 64 0.00313415689658083 0
78720 102271.491962781 7139.11266199346 2.58896070611623 0.271685878972949 376435666.20845 79871593.3810932 -210.423307115508 999.918150316067 304804508.660566 93039309.5453266 -234.925774883665 1146.46226354429 -3.77441165071146e+28 -20792953911.6992 7.50934940000001e+25 318588195.121797 312210095.121797 307780900 64 0.00313505118452455 0
79360 103935.063834781 7314.40404654524 2.60970015122402 0.27610557713275 376300455.853923 80511426.1996821 -212.108949781699 999.558929914984 304653573.434132 93772775.6864122 -236.746455084342 1145.61844057964 -3.77441165071146e+28 -24921053271.3484 7.50934940000001e+25 318657251.543055 312279151.543055 307780900 64 0.00313594171057146 0
80000 105611.906559394 7492.53532500821 2.63043211061155 0.280560545374418 376164166.882525 81151028.1998321 -213.793984029999 999.19684286272 304501473.651055 94505699.8882843 -238.565011861793 1144.76870675359 -3.77441165071146e+28 -29834842975.8618 7.50934940000001e+25 318726766.745589 312348666.745589 307780900 64 0.00313682831536494 0
80640 107302.015326709 7673.52906624785 2.65115652474571 0.28505077122227 376026799.685193 81790397.5472105 -215.478405021727 998.831890173261 304348210.675181 95238078.3742414 -240.381430052071 1143.91308160712 -3.77441165071146e+28 -29712961516.4305 7.50934940000001e+25 318796738.548483 312418638.548483 307780900 64 0.0031377108414224 0
81280 109005.385288718 7857.40783111348 2.67187333411346 0.289576242101667 375888354.655958 82429532.4081359 -217.162207919834 998.464072868638 304193785.880045 95969907.3801077 -242.195694543492 1143.05158474189 -3.77441165071145e+28 -26005940577.6695 7.50934940000001e+25 318867164.762108 312489064.762108 307780900 64 0.00313858913315705 0
81920 110722.011559332 8044.19417237505 2.69258247922204 0.294136945339044 375748832.191947 83068430.9495841 -218.845387888918 998.093391978923 304038200.648834 96701183.1542715 -244.007790277125 1142.18423581867 -3.77441165071145e+28 -23439349312.5281 7.50934940000001e+25 318938043.188279 312559943.188279 307780900 64 0.00313946303689869 0
82560 112451.889214393 8233.91063465974 2.7132839005991 0.298732868161936 375608232.693382 83707091.3391922 -220.527940095239 997.719848542224 303881456.37436 97431901.9577227 -245.817702247277 1141.31105455572 -3.77441165071146e+28 -29288114644.6619 7.50934940000001e+25 319009371.620405 312631271.620405 307780900 64 0.00314033240091357 0
83200 114195.013291687 8426.57975438873 2.73397753879286 0.303363997699017 375466556.563579 84345511.7452646 -222.209859706725 997.343443604687 303723554.459017 98162060.0640885 -247.625415501977 1140.43206072722 -3.77441165071146e+28 -22526928794.6232 7.50934940000001e+25 319081147.843649 312703047.843649 307780900 64 0.00314119707542325 0
83840 115951.378790957 8622.22405971391 2.75466333437228 0.30803032098012 375323804.208942 84983690.3367775 -223.891141892991 996.964178220488 303564496.314755 98891653.7596692 -249.430915143457 1139.54727416163 -3.77441165071146e+28 -24699612713.8604 7.50934940000001e+25 319153369.63508 312775269.63508 307780900 64 0.00314205691262246 0
84480 117720.980673918 8820.86607045466 2.77534122792721 0.312731824936278 375179976.03897 85621625.2833847 -225.571781825351 996.582053451837 303404283.363038 99620679.3434724 -251.234186328623 1138.65671474016 -3.77441165071146e+28 -28799609636.5474 7.50934940000001e+25 319226034.763823 312847934.763823 307780900 64 0.00314291176669608 0
85120 119503.813864268 9022.5282980346 2.79601116006854 0.317468496399748 375035072.466249 86259314.7554221 -227.251774676829 996.19707036897 303242917.034814 100349133.127246 -253.035214269531 1137.7604023952 -3.77441165071146e+28 -32253485003.9523 7.50934940000001e+25 319299140.991215 312921040.991215 307780900 64 0.00314376149383514 0
85760 121299.873247705 9227.23324541841 2.8166730714284 0.322240322104047 374889093.906457 86896756.9239132 -228.931115622173 995.809230050148 303080398.770475 101077011.43551 -254.833984233849 1136.85835710874 -3.77441165071146e+28 -29161378780.9874 7.50934940000001e+25 319372686.070953 312994586.070953 307780900 64 0.00314460595225188 0
86400 123109.153671936 9435.00340704862 2.83732690266026 0.32704728868398 374742040.778355 87533949.9605743 -230.609799837869 995.418533581656 302916730.019827 101804310.60559 -256.630481545325 1135.95059891081 -3.77441165071146e+28 -32661370548.9414 7.50934940000001e+25 319446667.749252 313068567.749252 307780900 64 0.00314544500219394 0
87040 124931.649946694 9645.86126878245 2.85797259443913 0.331889382675674 374593913.503795 88170892.0378192 -232.287822502151 995.0249820578 302751912.242049 102531026.987645 -258.424691584243 1135.03714787799 -3.77441165071146e+28 -33756460720.9452 7.50934940000001e+25 319521083.764988 313142983.764988 307780900 64 0.00314627850595754 0
87680 126767.35684375 9859.82930782869 2.87861008746173 0.336766590516611 374444712.507712 88807581.3287649 -233.965178795017 994.628576580901 302585946.905658 103257156.944695 -260.216599787875 1134.11802413183 -3.77441165071146e+28 -31559169776.518 7.50934940000001e+25 319595931.849852 313217831.849852 307780900 64 0.00314710632789988 0
88320 128616.26909693 10076.9299926845 2.89923932244658 0.341678898545657 374294438.218125 89444016.0072362 -235.641863898241 994.229318261298 302418835.488474 103982696.852656 -262.006191650933 1133.19324783733 -3.77441165071146e+28 -34772483916.1213 7.5093494e+25 319671209.728498 313293109.728498 307780900 64 0.00314792833445057 0
88960 130478.381402125 10297.1857830726 2.91986024013425 0.346626293003099 374143091.066137 90080194.2477714 -237.317872995383 993.827208217341 302250579.47758 104707643.10036 -263.793452726015 1132.26283920147 -3.77441165071146e+28 -39311913770.985 7.50934940000001e+25 319746915.118694 313368815.118694 307780900 64 0.00314874439412221 0
89600 132353.688417307 10520.6191298775 2.94047278128746 0.351608760030673 373990671.485932 90716114.2256268 -238.993201271809 993.422247575389 302081180.369289 105431992.089587 -265.578368624039 1131.32681847167 -3.77441165071146e+28 -39459307622.3821 7.50934940000001e+25 319823045.731467 313444945.731467 307780900 64 0.00314955437752008 0
90240 134242.184762546 10747.2524750834 2.96107688669123 0.356626285671602 373837179.914777 91351774.1167823 -240.667843914695 993.01443746981 301910639.669104 106155740.235085 -267.360925014684 1130.38520593429 -3.77441165071146e+28 -38111156760.7298 7.5093494e+25 319899599.271248 313521499.271248 307780900 64 0.00315035815735103 0
90880 136143.865020018 10977.1082517103 2.98167249715311 0.361678855870626 373682616.793016 91987172.0979462 -242.341796113047 992.603779042975 301738958.891677 106878883.964599 -269.141107626817 1129.4380219132 -3.77441165071146e+28 -38900764393.7753 7.50934940000001e+25 319976573.436027 313598473.436027 307780900 64 0.00315115560843148 0
91520 138058.723734025 11210.2088837514 3.00225955350324 0.366766456474035 373526982.564073 92622306.3465607 -244.01505305771 992.190273445257 301566139.560779 107601419.718894 -270.918902248917 1128.48528676824 -3.77441165071146e+28 -41236740357.1503 7.50934940000001e+25 320053965.917488 313675865.917488 307780900 64 0.0031519466076946 0
92160 139986.755411007 11446.5767861102 3.02283799659459 0.371889073229706 373370277.674449 93257175.0408068 -245.687609941382 991.773921835026 301392183.209256 108323343.951773 -272.694294729494 1127.52702089381 -3.77441165071147e+28 -42926021445.8281 7.5093494e+25 320131774.401161 313753674.401161 307780900 64 0.00315273103419666 0
92800 141927.954519557 11686.2343645372 3.04340776730308 0.377046691787136 373212502.57372 93891776.3596091 -247.359461958627 991.354725378653 301217091.378989 109044653.130107 -274.467270977507 1126.56324471741 -3.77441165071147e+28 -44038867533.4066 7.5093494e+25 320209996.566564 313831896.566564 307780900 64 0.00315350876912263 0
93440 143882.315490438 11929.2040155671 3.06396880652775 0.382239297697472 373053657.714538 94526108.4826414 -249.030604305889 990.932685250497 301040865.620861 109765343.733845 -276.237816962766 1125.59397869819 -3.77441165071147e+28 -41237655832.4769 7.5093494e+25 320288630.087347 313910530.087347 307780900 64 0.00315427969579096 0
94080 145849.832716593 12175.5081264559 3.08452105519092 0.387466876413554 372893743.552629 95160169.5903319 -250.701032181502 990.507802632909 300863507.494713 110485412.256045 -278.005918716341 1124.6192433255 -3.77441165071147e+28 -37492910916.084 7.5093494e+25 320367672.631431 313989572.631431 307780900 64 0.00315504369965751 0
94720 147830.500553164 12425.169075118 3.10506445423832 0.39272941328994 372732760.54679 95793957.8638677 -252.370740785705 990.080078716231 300685018.569308 111204855.202883 -279.771562330955 1123.63905911754 -3.77441165071147e+28 -30383639963.3706 7.5093494e+25 320447121.861154 314069021.861154 307780900 64 0.00315580066831886 0
95360 149824.313317506 12678.2092300632 3.12559894463929 0.398026893582949 372570709.158891 96427471.4852004 -254.039725320656 989.649514698785 300505400.422287 111923669.09368 -281.53473396138 1122.65344661988 -3.77441165071147e+28 -28196672020.856 7.5093494e+25 320526975.433411 314148875.433411 307780900 64 0.00315655049151472 0
96000 151831.265289203 12934.6509503341 3.14612446738693 0.403359302450691 372407589.853871 97060708.6370513 -255.707980990443 989.216111786879 300324654.640134 112641850.46091 -283.295419824818 1121.66242640409 -3.77441165071147e+28 -27371291599.7153 7.5093494e+25 320607230.999791 314229130.999791 307780900 64 0.00315729306112972 0
96640 153851.350710079 13194.5165854429 3.16664096349822 0.408726624953107 372243403.099737 97693667.5029158 -257.375503001094 988.779871194797 300142782.818135 113359395.850224 -285.053606201283 1120.66601906637 -3.77441165071147e+28 -26569377697.4227 7.5093494e+25 320687886.206719 314309786.206719 307780900 64 0.00315802827119443 0
97280 155884.56378422 13457.8284753087 3.18714837401424 0.414128846051998 372078149.367566 98326346.2670695 -259.042286560598 988.3407941448 299959786.560335 114076301.820461 -286.809279433975 1119.66424522617 -3.77441165071146e+28 -36509717227.5773 7.5093494e+25 320768938.695593 314390838.695593 307780900 64 0.00315875601788563 0
97920 157930.898677984 13724.608950195 3.20764664000027 0.41956595061107 371911829.131498 98958743.1145726 -260.708326878909 987.898881867125 299775667.479497 114792564.943663 -288.562425929649 1118.65712552481 -3.77441165071147e+28 -34086027010.0933 7.5093494e+25 320850386.102923 314472286.102923 307780900 64 0.00315947619952592 0
98560 159990.349520019 13994.8803306464 3.22813570254598 0.425037923395961 371744442.86874 99590856.231275 -262.373619167966 987.454135599975 299590427.197068 115508181.80509 -290.313032158973 1117.64468062415 -3.77441165071147e+28 -29473625246.8387 7.5093494e+25 320932226.060464 314554126.060464 307780900 64 0.00316018871658269 0
99200 162062.91040128 14268.6649274264 3.2486155027656 0.430544749074283 371575991.059564 100222683.803822 -264.0381586417 987.006556589523 299404067.34313 116223149.003231 -292.061084656888 1116.62693120524 -3.77441165071147e+28 -24897271032.9192 7.5093494e+25 321014456.195355 314636356.195355 307780900 64 0.00316089347166636 0
99840 164148.575375039 14545.9850414543 3.26908598179802 0.43608641221566 371406474.1873 100854224.019659 -265.70194051605 986.556146089907 299216589.556363 116937463.149818 -293.806570022952 1115.603897967 -3.77441165071147e+28 -27991602928.1351 7.5093494e+25 321097074.130252 314718974.130252 307780900 64 0.00316159036952797 0
100480 166247.338456909 14826.8629637426 3.28954708080704 0.441662897291757 371235892.738344 101485475.067035 -267.364960008978 986.102905363225 299027995.484001 117651120.869834 -295.549474921688 1114.57560162489 -3.77441165071147e+28 -21838672045.9042 7.5093494e+25 321180077.48346 314801977.48346 307780900 64 0.00316227931705615 0
101120 168359.193624854 15111.3209753343 3.30999874098143 0.447274188676327 371064247.20215 102116435.135013 -269.027212340475 985.646835679532 298838286.781794 118364118.801525 -297.289786082915 1113.54206290964 -3.77441165071147e+28 -27247370895.2611 7.5093494e+25 321263463.86907 314885363.86907 307780900 64 0.00316296022327346 0
101760 170484.134819206 15399.3813472403 3.33044090353515 0.452920270645241 370891538.071229 102747102.413467 -270.688692732582 985.187938316843 298647465.113963 119076453.59641 -299.027490302084 1112.5033025659 -3.77441165071146e+28 -21606209142.8742 7.5093494e+25 321347230.897088 314969130.897088 307780900 64 0.00316363299933214 0
102400 172622.155942684 15691.0663403769 3.35087350970751 0.458601127376529 370717765.841152 103377475.093094 -272.349396409397 984.72621456112 298455532.153158 119788121.91929 -300.762574440593 1111.45934135101 -3.77441165071146e+28 -22282728709.9512 7.5093494e+25 321431376.173565 315053276.173565 307780900 64 0.00316429755850917 0
103040 174773.250860407 15986.3982055027 3.37129650076329 0.464316742950418 370542931.010543 104007551.365417 -274.00931859709 984.261665706278 298262489.580419 120499120.448251 -302.495025426113 1110.41020003373 -3.77441165071147e+28 -18006331197.1624 7.5093494e+25 321515897.300728 315137797.300728 307780900 64 0.00316495381620089 0
103680 176937.413399912 16285.3991831568 3.39170981799291 0.470067101349366 370367034.081083 104637329.422788 -275.668454523915 983.794293054175 298068339.085127 121209445.874677 -304.224830252888 1109.35589939294 -3.77441165071147e+28 -14914104809.5556 7.50934940000001e+25 321600791.877112 315222691.877112 307780900 64 0.00316560168991691 0
104320 179114.637351169 16588.0915035954 3.41211340271262 0.475852186458108 370190075.557505 105266807.458396 -277.326799420224 983.324097914616 297873082.36497 121919094.903253 -305.951975982048 1108.29646021644 -3.77441165071147e+28 -18053858433.1062 7.50934940000001e+25 321686057.497681 315307957.497681 307780900 64 0.00316624109927356 0
104960 181304.916466601 16894.4973867298 3.43250719626461 0.481671982063686 370012055.947595 105895983.666269 -278.984348518479 982.851081605342 297676721.125891 122628064.25197 -307.676449741896 1107.2319032997 -3.77441165071146e+28 -22778207795.2757 7.50934940000001e+25 321771691.753961 315393591.753961 307780900 64 0.00316687196598675 0
105600 183508.244461097 17204.639042064 3.45289114001722 0.487526471855494 369832975.762188 106524856.241284 -280.641097053266 982.375245452033 297479257.082052 123336350.65213 -309.398238728203 1106.16224944463 -3.77441165071146e+28 -21899129909.1981 7.50934940000001e+25 321857692.234163 315479592.234163 307780900 64 0.00316749421386432 0
106240 185724.61501203 17518.5386686315 3.47326517536504 0.493415639425315 369652835.51517 107153423.379165 -282.297040261306 981.896590788302 297280691.955788 124043950.848351 -311.117330204492 1105.08751945841 -3.77441165071146e+28 -12960800926.2294 7.50934940000001e+25 321944056.523311 315565956.523311 307780900 64 0.00316810776879785 0
106880 187954.021759274 17836.2184549338 3.4936292437291 0.499339468267359 369471635.723473 107781683.276497 -283.952173381469 981.415118955692 297081027.477563 124750861.598568 -312.833711502305 1104.00773415222 -3.77441165071146e+28 -14930352439.0493 7.50934940000001e+25 322030782.203362 315652682.203362 307780900 64 0.00316871255875401 0
107520 190196.458305222 18157.7005788771 3.51398328655704 0.505297941778303 369289376.907076 108409634.130721 -285.606491654785 980.930831303674 296880265.385925 125457079.674038 -314.547370021483 1102.92291434015 -3.77441165071146e+28 -7579216456.76218 7.50934940000001e+25 322117866.85333 315739766.85333 307780900 64 0.00316930851376541 0
108160 192451.918214801 18483.0072077106 3.53432724532324 0.511291043257333 369106059.589004 109037274.140147 -287.259990324461 980.443729189642 296678407.427468 126162601.859336 -316.258293230418 1101.83308083794 -3.77441165071146e+28 -7357156585.08264 7.50934940000001e+25 322205308.04941 315827208.04941 307780900 64 0.00316989556592096 0
108800 194720.395015489 18812.1604979634 3.554661061529 0.517318755906182 368921684.295324 109664601.503956 -288.912664635889 979.95381397891 296475455.356782 126867424.952364 -317.966468666312 1100.73825446189 -3.77441165071146e+28 -6418762776.3437 7.50934940000001e+25 322293103.365098 315915003.365098 307780900 64 0.00317047364935576 0
109440 197001.882197337 19145.182595383 3.57498467670267 0.52338106282917 368736251.555147 110291614.422205 -290.564509836661 979.461087044712 296271410.936412 127571545.764342 -319.671883935423 1099.63845602766 -3.77441165071146e+28 -14965728000.2334 7.50934940000001e+25 322381250.371309 316003150.371309 307780900 64 0.00317104270024059 0
110080 199296.37321298 19482.0956348721 3.59529803239983 0.529477947033245 368549761.900623 110918311.095833 -292.215521176583 978.965549768194 296066275.93681 128274961.119814 -321.374526713307 1098.53370634917 -3.77441165071146e+28 -9336411219.26016 7.50934940000001e+25 322469746.636499 316091646.636499 307780900 64 0.00317160265677094 0
110720 201603.861477658 19822.9217404269 3.61560107020345 0.535609391428023 368362215.866944 111544689.726665 -293.865693907685 978.467203538413 295860052.136298 128977667.856643 -323.074384745047 1097.42402623746 -3.77441165071146e+28 -11346852006.3881 7.50934940000001e+25 322558589.72678 316180489.72678 307780900 64 0.00317215345915562 0
111360 203924.340369233 20167.6830250746 3.63589373172402 0.54177537882583 368173613.992337 112170748.517417 -295.515023284237 977.966049752334 295652741.321016 129679662.826011 -324.771445845481 1096.30943649959 -3.77441165071146e+28 -15615197490.6885 7.50934940000001e+25 322647777.206039 316269677.206039 307780900 64 0.00317269504960495 0
112000 206257.803228207 20516.4015908112 3.65617595859975 0.547975891941745 367983956.818067 112796485.671703 -297.163504562758 977.462089814826 295444345.28488 130380942.892414 -326.465697899423 1095.18995793751 -3.77441165071146e+28 -18664226914.9838 7.50934940000001e+25 322737306.636051 316359206.636051 307780900 64 0.0031732273723186 0
112640 208604.243357739 20869.0995285391 3.67644769249669 0.554210913393635 367793244.888436 113421899.394036 -298.811133002031 976.95532513866 295234865.829538 131081504.933658 -328.157128861869 1094.06561134704 -3.77441165071146e+28 -22135789009.1264 7.50934940000001e+25 322827175.576598 316449075.576598 307780900 64 0.00317375037347305 0
113280 210963.654023662 21225.7989180052 3.6967088751089 0.560480425702205 367601478.750775 114046987.889839 -300.457903863118 976.445757144502 295024304.764325 131781345.84086 -329.845726758204 1092.9364175167 -3.77441165071146e+28 -19180220404.3707 7.50934940000001e+25 322917381.585578 316539281.585578 307780900 64 0.00317426400120856 0
113920 213336.028454505 21586.5218277384 3.71695944815859 0.566784411291032 367408658.955451 114671749.365444 -302.103812409368 975.933387260912 294812663.906215 132480462.518435 -331.531479684397 1091.80239722676 -3.77441165071146e+28 -19500469711.746 7.50934940000001e+25 323007922.21912 316629822.21912 307780900 64 0.003174768205616 0
114560 215721.359841505 21951.2903149878 3.73719935339633 0.573122852486613 367214786.055861 115296182.028103 -303.748853906432 975.418216924344 294599945.079781 133178851.884097 -333.214375807194 1090.66357124809 -3.77441165071146e+28 -18088513118.9705 7.50934940000001e+25 323098795.031695 316720695.031695 307780900 64 0.00317526293872316 0
115200 218119.641338631 22320.1264256603 3.75742853260116 0.579495731518404 367019860.608431 115920284.085986 -305.393023622278 974.900247579136 294386150.117143 133876510.868848 -334.894403364292 1089.51996034117 -3.77441165071146e+28 -12507527735.3749 7.50934940000001e+25 323189997.576229 316811897.576229 307780900 64 0.00317574815448082 0
115840 220530.8660626 22693.0521942587 3.77764692758072 0.585903030518866 366823883.172614 116544053.748192 -307.036316827199 974.37948067751 294171280.85793 134573436.416975 -336.571550664522 1088.37158525507 -3.77441165071146e+28 -9691595810.99475 7.50934940000001e+25 323281527.404206 316903427.404206 307780900 64 0.00317622380874847 0
116480 222955.027092892 23070.0896438194 3.79785448017151 0.592344731523501 366626854.31089 117167489.224752 -308.67872879383 973.85591767957 293955339.149227 135269625.48604 -338.24580608801 1087.21846672643 -3.77441165071146e+28 -8868139713.49381 7.50934940000001e+25 323373382.065784 316995282.065784 307780900 64 0.00317668985927973 0
117120 225392.117471774 23451.2607858506 3.81805113223892 0.598820816470905 366428774.588763 117790588.726634 -310.320254797159 973.329560053294 293738326.845535 135965075.046872 -339.917158086342 1086.06062547844 -3.77441165071146e+28 -4417509076.34967 7.50934940000001e+25 323465559.109896 317087459.109896 307780900 64 0.00317714626570749 0
117760 227842.130204316 23836.5876202702 3.83823682567749 0.605331267202802 366229644.574762 118413350.465748 -311.960890114539 972.800409274534 293520245.808722 136659782.083557 -341.585595182708 1084.89808221988 -3.77441165071146e+28 -6976987806.31938 7.50934940000001e+25 323558056.084362 317179956.084362 307780900 64 0.00317759298952877 0
118400 230305.058258411 24226.0921353438 3.85841150241101 0.611876065464093 366029464.840437 119035772.65495 -313.600630025703 972.268466827014 293301097.90798 137353743.593432 -343.251105972057 1083.73085764411 -3.77441165071146e+28 -8473659426.17611 7.50934940000001e+25 323650870.535989 317272770.535989 307780900 64 0.00317802999408929 0
119040 232780.894564789 24619.7963076228 3.87857510439269 0.618455192902898 365828235.960356 119657853.508049 -315.239469812773 971.733734202322 293080885.019775 138046956.587072 -344.913679121225 1082.55897242814 -3.77441165071146e+28 -10990364815.6238 7.50934940000001e+25 323744000.010677 317365900.010677 307780900 64 0.00317845724456783 0
119680 235269.632017042 25017.7221018824 3.89872757360532 0.6250686310706 365625958.512109 120279591.239811 -316.877404760279 971.196212899907 292859609.027804 138739418.088278 -346.573303369073 1081.38244723166 -3.77441165071146e+28 -13628254259.1272 7.50934940000001e+25 323837442.053523 317459342.053523 307780900 64 0.00317887470796026 0
120320 237771.263471642 25419.8914710597 3.91886885206144 0.63171636142189 365422633.076301 120900984.065964 -318.514430155163 970.65590442708 292637271.822949 139431125.134069 -348.229967526602 1080.2013026961 -3.77441165071146e+28 -11544540931.5551 7.50934940000001e+25 323931194.208922 317553094.208922 307780900 64 0.00317928235306345 0
120960 240285.781747955 25826.326356192 3.93899888180345 0.638398365314811 365218260.236553 121522030.203204 -320.1505412868 970.112810299006 292413875.303228 140122074.77467 -349.883660477076 1079.01555944369 -3.77441165071146e+28 -16465090863.8239 7.50934940000001e+25 324025254.020667 317647154.020667 307780900 64 0.00317968015045886 0
121600 242813.179628266 26237.0486863547 3.95911760490383 0.645114624010801 365012840.579501 122142727.869199 -321.785733447006 969.566932038701 292189421.373753 140812264.073493 -351.534371176123 1077.82523807657 -3.77441165071146e+28 -22545272144.1853 7.50934940000001e+25 324119619.032053 317741519.032053 307780900 64 0.00318006807249597 0
122240 245353.449857797 26652.0803785997 3.97922496346524 0.651865118674742 364806374.694792 122763075.282592 -323.420001930052 969.018271177029 291963911.946678 141501690.107134 -353.182088651837 1076.63035917588 -3.77441165071146e+28 -30467811729.6832 7.50934940000001e+25 324214286.785969 317836186.785969 307780900 64 0.0031804460932755 0
122880 247906.585144722 27071.4433378934 3.99932089962073 0.658649830375003 364598863.175085 123383070.663012 -325.053342032677 968.466829252699 291737348.941158 142190349.965351 -354.826802004876 1075.43094330082 -3.77441165071146e+28 -34305347493.9835 7.50934940000001e+25 324309254.825 317931154.825 307780900 64 0.00318081418863239 0
123520 250472.578160193 27495.1594570554 4.01940535553383 0.665468740083482 364390306.616048 124002712.231072 -326.685749054099 967.912607812261 291509734.283301 142878240.751052 -356.468500408538 1074.22701098785 -3.77441165071146e+28 -29739533346.8399 7.50934940000001e+25 324404520.691526 318026420.691526 307780900 64 0.00318117233611872 0
124160 253051.421538354 27923.2506166962 4.03947827339877 0.672321828675659 364180705.616355 124621998.20838 -328.317218296031 967.355608410102 291281069.906119 143565359.580285 -358.107173108849 1073.01858274975 -3.77441165071146e+28 -29687244861.9151 7.50934940000001e+25 324500081.927809 318121981.927809 307780900 64 0.00318152051498634 0
124800 255643.107876367 28355.7386851557 4.0595395954406 0.679209076930635 363970060.77769 125240926.817538 -329.94774506269 966.79583260844 291051357.749484 144251703.582212 -359.742809424627 1071.80567907479 -3.77441165071146e+28 -21808060702.7971 7.50934940000001e+25 324595936.076098 318217836.076098 307780900 64 0.00318185870616937 0
125440 258247.629734424 28792.6455184418 4.07958926391536 0.686130465531184 363758372.704738 125859496.282155 -331.577324660813 966.233281977325 290820599.760081 144937269.899106 -361.375398747549 1070.58832042591 -3.77441165071146e+28 -31256825098.4565 7.50934940000001e+25 324692080.678715 318313980.678715 307780900 64 0.00318218689226662 0
126080 260864.979635772 29233.9929601685 4.09962722111023 0.693085975063792 363545642.005187 126477704.826842 -333.205952399667 965.66795809463 290588797.891361 145622055.686323 -363.004930542205 1069.36652723981 -3.77441165071146e+28 -22593121237.9916 7.50934940000001e+25 324788513.278149 318410413.278149 307780900 64 0.00318250505752377 0
126720 263495.150066733 29679.8028414942 4.11965340934369 0.700075586018713 363331869.289729 127095550.677227 -334.833623591063 965.099862546053 290355954.103492 146306058.112293 -364.631394346147 1068.14031992623 -3.77441165071146e+28 -26366926144.2631 7.50934940000001e+25 324885231.417149 318507131.417149 307780900 64 0.00318281318781548 0
127360 266138.133476721 30130.0969810606 4.13966777096566 0.707099278790007 363117055.172054 127713032.059952 -336.460333549369 964.528996925108 290122070.363319 146989274.358497 -366.254779769933 1066.90971886706 -3.77441165071147e+28 -32438149476.6396 7.50934940000001e+25 324982232.638814 318604132.638814 307780900 64 0.00318311127062738 0
128000 268793.922278266 30584.8971849305 4.15967024835769 0.714157033675594 362901200.268848 128330147.202684 -338.08607759152 963.955362833124 289887148.644309 147671701.619452 -367.875076497158 1065.67474441555 -3.77441165071147e+28 -36377310681.0055 7.50934940000001e+25 325079514.486678 318701414.486678 307780900 64 0.00318339929503792 0
128640 271462.508847031 31044.2252465268 4.17966078393308 0.721248830877296 362684305.199797 128946894.334115 -339.710851037037 963.37896187924 289651190.92651 148353337.102694 -369.492274284483 1064.43541689557 -3.77441165071146e+28 -38148442250.3109 7.50934940000001e+25 325177074.504806 318798974.504806 307780900 64 0.00318367725170014 0
129280 274143.885521835 31508.1029465708 4.19963932013706 0.728374650500889 362466370.58758 129563271.68397 -341.334649208032 962.799795680401 289414199.196503 149034178.028754 -371.106362961653 1063.19175660078 -3.77441165071146e+28 -21209691038.9527 7.50934940000001e+25 325274910.237873 318896810.237873 307780900 64 0.00318394513282331 0
129920 276838.044604669 31976.5520530207 4.21960579944693 0.735534472556146 362247397.057867 130179277.483013 -342.957467429224 962.217865861355 289176175.447351 149714221.631141 -372.717332431512 1061.9437837939 -3.77441165071146e+28 -23500965105.1383 7.50934940000001e+25 325373019.231254 318994919.231254 307780900 64 0.00318420293215458 0
130560 279544.978360724 32449.5943210104 4.23956016437223 0.74272827695689 362027385.239323 130794909.963049 -344.579301027954 961.63317405465 288937121.67856 150393465.156323 -374.325172670007 1060.69151870591 -3.77441165071146e+28 -22291821329.9952 7.50934940000001e+25 325471399.03111 319093299.03111 307780900 64 0.00318445064496041 0
131200 282264.679018406 32927.2514927877 4.25950235745489 0.749956043521041 361806335.7636 131410167.356929 -346.200145334195 961.045721900628 288697039.896026 151071905.863707 -375.929873726185 1059.43498153538 -3.77441165071146e+28 -23176965302.4856 7.50934940000001e+25 325570047.18447 319191947.18447 307780900 64 0.00318468826800806 0
131840 284997.138769356 33409.5452976536 4.27943232126937 0.75721775197066 361584249.26534 132025047.898559 -347.819995680563 960.45551104742 288455932.111991 151749541.025613 -377.531425722187 1058.17419244767 -3.77441165071146e+28 -29877217591.6007 7.50934940000001e+25 325668961.239313 319290861.239313 307780900 64 0.00318491579954694 0
132480 287742.349768476 33896.4974519 4.29934999842284 0.764513381932005 361361126.382169 132639549.822901 -349.438847402333 959.862543150947 288213800.344993 152426367.927259 -379.129818853229 1056.90917157423 -3.77441165071146e+28 -30392365344.0044 7.50934940000001e+25 325768138.744651 319390038.744651 307780900 64 0.00318513323928996 0
133120 290500.304133946 34388.1296587496 4.31925533155532 0.771842912935574 361136967.754699 133253671.365978 -351.056695837451 959.266819874911 287970646.619826 153102383.866735 -380.725043387582 1055.63993901192 -3.77441165071146e+28 -13928485403.8629 7.50934940000001e+25 325867577.250612 319489477.250612 307780900 64 0.00318534058839479 0
133760 293270.993947246 34884.4636082934 4.33914826333984 0.779206324416157 360911774.026526 133867410.764883 -352.673536326545 958.668342890793 287726472.967486 153777586.154981 -382.317089666539 1054.36651482226 -3.77441165071146e+28 -16825487829.3951 7.50934940000001e+25 325967274.308516 319589174.308516 307780900 64 0.00318553784944513 0
134400 296054.411253177 35385.5209774304 4.3590287364826 0.786603595712887 360685545.844223 134480766.257779 -354.289364212939 958.067113877849 287481281.425126 154451972.115766 -383.905948104382 1053.08891903078 -3.77441165071146e+28 -11936537624.7111 7.50934940000001e+25 326067227.470955 319689127.470955 307780900 64 0.0031857250264319 0
135040 298850.548059884 35891.3234298059 4.37889669372312 0.794034706069284 360458283.857348 135093736.083907 -355.904174842665 957.463134523107 287235074.036015 155125539.085663 -385.491609188334 1051.80717162634 -3.77441165071146e+28 -10153606287.6335 7.50934940000001e+25 326167434.291873 319789334.291873 307780900 64 0.00318590212473444 0
135680 301659.396338875 36401.8926157507 4.39875207783439 0.801499634633313 360229988.718432 135706318.48359 -357.517963564476 956.85640652136 286987852.849482 155798284.414027 -387.074063478511 1050.52129256043 -3.77441165071146e+28 -21145369856.4341 7.50934940000001e+25 326267892.326638 319889792.326638 307780900 64 0.00318606915110171 0
136320 304480.948025043 36917.2501722194 4.41859483162304 0.808998360457426 360000661.082984 136318511.698239 -359.130725729858 956.246931575165 286739619.920877 156470205.462968 -388.653301607863 1049.23130174657 -3.77441165071146e+28 -15396224448.5791 7.50934940000001e+25 326368599.132123 319990499.132123 307780900 64 0.00318622611363343 0
136960 307315.195016689 37437.4177227298 4.43842489792947 0.816530862498619 359770301.609488 136930313.970356 -360.742456693044 955.634711394836 286490377.311521 157141299.60733 -390.229314282111 1047.93721905961 -3.77441165071146e+28 -16195635949.6354 7.50934940000001e+25 326469552.266778 320091452.266778 307780900 64 0.00318637302176128 0
137600 310162.129175543 37962.4168773017 4.45824221962804 0.824097119618478 359538910.959397 137541723.543541 -362.353151811025 955.019747698444 286240127.088661 157811564.234663 -391.802092279673 1046.63906433513 -3.77441165071146e+28 -15733632788.0239 7.50934940000001e+25 326570749.290701 320192649.290701 307780900 64 0.00318650988623004 0
138240 313021.742326783 38492.2692323957 4.47804673962719 0.831697110583234 359306489.79714 138152738.662495 -363.962806443562 954.402042211808 285988871.32542 158480996.745201 -393.371626451592 1045.33685736879 -3.77441165071147e+28 -24495332889.0194 7.50934940000001e+25 326672187.765716 320294087.765716 307780900 64 0.00318663671907882 0
138880 315894.026259064 39026.9963708523 4.49783840086962 0.839330814063811 359073038.790109 138763357.573027 -365.571415953202 953.781596668495 285736612.100756 159149594.551832 -394.937907721444 1044.03061791576 -3.77441165071147e+28 -28531858284.0377 7.50934940000001e+25 326773865.255443 320395765.255443 307780900 64 0.00318675353362223 0
139520 318778.97272453 39566.6198618309 4.51761714633244 0.846998208635876 358838558.608668 139373578.522057 -367.178975705287 953.158412809813 285483351.499411 159817355.080075 -396.500927085251 1042.72036569006 -3.77441165071147e+28 -27389361077.0082 7.50934940000001e+25 326875779.325364 320497679.325364 307780900 64 0.00318686034443162 0
140160 321676.573438845 40111.1612607489 4.5373829190273 0.854699272779897 358603049.926143 139983399.757623 -368.785481067968 952.532492384808 285229091.611866 160484275.768054 -398.060675611385 1041.406120364 -3.77441165071146e+28 -38269728084.5681 7.50934940000001e+25 326977927.542901 320599827.542901 307780900 64 0.00318695716731631 0
140800 324586.820081211 40660.6421092207 4.55713566200059 0.862433984881187 358366513.418825 140592819.528883 -370.390927412218 951.90383715026 284973834.534297 161150354.066468 -399.617144440459 1040.0879015676 -3.77441165071147e+28 -35648492627.8923 7.50934940000001e+25 327080307.477475 320702207.477475 307780900 64 0.00318704401930495 0
141440 327509.704294389 41215.083934997 4.57687531833354 0.870202323229963 358128949.765966 141201836.086125 -371.995310111844 951.272448870678 284717582.368526 161815587.438566 -401.170324785219 1038.76572888801 -3.77441165071146e+28 -40861751459.43 7.50934940000001e+25 327182916.700585 320804816.700585 307780900 64 0.00318712091862678 0
142080 330445.217684726 41774.5082519036 4.59660183114244 0.878004266021393 357890359.649779 141810447.680766 -373.598624543499 950.638329318295 284460337.221975 162479973.360119 -402.720207930429 1037.43962186892 -3.77441165071146e+28 -48484324441.6417 7.50934940000001e+25 327285752.785862 320907652.785862 307780900 64 0.00318718788469306 0
142720 333393.351822172 42338.9365597809 4.61631514357874 0.885839791355651 357650743.755433 142418652.565361 -375.200866086697 950.001480273067 284202101.207622 163143509.319392 -404.266785232741 1036.10960001007 -3.77441165071146e+28 -47552044962.8288 7.50934940000001e+25 327388813.309147 321010713.309147 307780900 64 0.00318724493807846 0
143360 336354.098240307 42908.3903444231 4.6360151988292 0.893708877237971 357410102.771056 143026448.993605 -376.802030123822 949.361903522666 283942876.443953 163806192.817117 -405.810048120572 1034.77568276665 -3.77441165071146e+28 -43612034211.5147 7.50934940000001e+25 327492095.848546 321113995.848546 307780900 64 0.0031872921005026 0
144000 339327.448436361 43482.8910775173 4.65570194011612 0.901611501578696 357168437.387727 143633835.220342 -378.402112040142 948.719600862475 283682665.054917 164468021.366459 -407.349988093963 1033.43788954877 -3.77441165071147e+28 -39516034802.8081 7.50934940000001e+25 327595597.9845 321217497.9845 307780900 64 0.00318732939481156 0
144640 342313.393871238 44062.4602165829 4.67537531069739 0.909547642193335 356925748.299481 144240809.501567 -380.001107223823 948.074574095587 283421469.16988 165128992.492996 -408.886596724441 1032.09623972098 -3.77441165071146e+28 -32174014910.2419 7.50934940000001e+25 327699317.299846 321321217.299846 307780900 64 0.00318735684495951 0
145280 345311.925969538 44647.1192049109 4.69503525386673 0.917517276802616 356682036.2033 144847370.094428 -381.599011065941 947.426825032797 283159290.923579 165789103.73468 -410.419865654865 1030.75075260172 -3.77441165071147e+28 -37361725527.4166 7.50934940000001e+25 327803251.379878 321425151.379878 307780900 64 0.00318737447599038 0
145920 348323.036119583 45236.8894715033 4.71468171295379 0.925520383032538 356437301.799118 145453515.25724 -383.195818960492 946.7763554926 282896132.456079 166448352.641816 -411.949786599276 1029.40144746282 -3.77441165071147e+28 -30284879526.7451 7.50934940000001e+25 327907397.812409 321529297.812409 307780900 64 0.00318738231401967 0
146560 351346.715673433 45831.7924310123 4.73431463132433 0.933556938414427 356191545.789815 146059243.24948 -384.791526304407 946.123167301184 282631995.912722 167106736.777024 -413.476351342733 1028.04834352901 -3.77441165071147e+28 -33391817460.7239 7.5093494e+25 328011754.187831 321633654.187831 307780900 64 0.00318738038621624 0
147200 354382.955946917 46431.84948368 4.75393395238038 0.941626920384986 355944768.881214 146664552.331798 -386.386128497566 945.46726229243 282366883.444088 167764253.715215 -414.99955174115 1026.69145997742 -3.77441165071147e+28 -32232433519.9572 7.5093494e+25 328116318.099174 321738218.099174 307780900 64 0.00318736872078425 0
147840 357431.748219652 47037.0820152777 4.77353961956036 0.949730306286356 355696971.782084 147269440.766019 -387.979620942805 944.808642307905 282100797.205943 168420901.043557 -416.519379721119 1025.33081593715 -3.77441165071147e+28 -43097122346.4366 7.5093494e+25 328221087.142164 321842987.142164 307780900 64 0.0031873473469452 0
148480 360493.083735068 47647.5113970453 4.79313157633927 0.957867073366166 355448155.204134 147873906.815152 -389.571999045935 944.147309196855 281833739.359202 169076676.361448 -418.035827279733 1023.96643048875 -3.77441165071147e+28 -48221440121.0065 7.5093494e+25 328326058.915281 321947958.915281 307780900 64 0.00318731629492001 0
149120 363566.95370043 48263.1589856311 4.81270976622884 0.966037198777589 355198319.862011 148477948.743387 -391.16325821575 943.483264816205 281565712.069875 169731577.280477 -419.548886484405 1022.59832266377 -3.77441165071147e+28 -56136234276.6512 7.5093494e+25 328431231.019814 322053131.019814 307780900 64 0.00318727559591123 0
149760 366653.349286862 48884.0461230312 4.83227413277764 0.974240659579398 354947466.473302 149081564.81611 -392.753393864041 942.816511030552 281296717.509028 170385601.4244 -421.058549472672 1021.22651144435 -3.77441165071147e+28 -57992290840.8677 7.5093494e+25 328536601.059918 322158501.059918 307780900 64 0.00318722528208535 0
150400 369752.261629371 49510.1941365291 4.85182461957131 0.982477432736019 354695595.758528 149684753.299899 -394.342401405609 942.147049712162 281026757.852739 171038746.429107 -422.564808452003 1019.85101576274 -3.77441165071147e+28 -61785810147.86 7.5093494e+25 328642166.642667 322264066.642667 307780900 64 0.00318716538655518 0
151040 372863.681826871 50141.6243386353 4.87136117023263 0.99074749511759 354442708.441143 150287512.462535 -395.930276258276 941.474882740964 280755835.282046 171691009.942586 -424.067655699595 1018.47185450088 -3.77441165071147e+28 -62514223335.8262 7.5093494e+25 328747925.37811 322369825.37811 307780900 64 0.00318709594336239 0
151680 375987.600942207 50778.3580270272 4.89088372842174 0.999050823500014 354188805.247535 150889840.573004 -397.517013842899 940.800012004545 280483951.982912 172342389.624895 -425.56708356217 1017.08904648999 -3.77441165071147e+28 -58866948650.0602 7.50934940000001e+25 328853874.879322 322475774.879322 307780900 64 0.00318701698746009 0
152320 379124.010002179 51420.4164844883 4.91039223783627 1.00738739456502 353933886.907018 151491735.901502 -399.102609583383 940.122439398149 280211110.146174 172992883.148127 -427.063084455757 1015.70261051015 -3.77441165071147e+28 -69443014112.5946 7.5093494e+25 328960012.762455 322581912.762455 307780900 64 0.00318692855469563 0
152960 382272.899997563 52067.8209788487 4.92988664221146 1.0157571849002 353677954.151837 152093196.719441 -400.687058906691 939.442166824667 279937311.967499 173642488.196378 -428.555650865478 1014.31256528989 -3.77441165071147e+28 -69966536551.8616 7.5093494e+25 329066336.646792 322688236.646792 307780900 64 0.00318683068179337 0
153600 385434.261883139 52720.5927629242 4.94936688532039 1.02416017099911 353421007.717161 152694221.299452 -402.270357242858 938.759196194637 279662559.647345 174291202.465712 -430.044775345321 1012.91892950579 -3.77441165071147e+28 -64392651853.421 7.50934940000001e+25 329172844.154795 322794744.154795 307780900 64 0.00318672340633767 0
154240 388608.086577715 53378.7530744564 4.96883291097406 1.03259632926128 353163048.341084 153294807.915394 -403.852500025003 938.073529426238 279386855.39091 174939023.664132 -431.530450517913 1011.52172178212 -3.77441165071147e+28 -68303083570.341 7.50934940000001e+25 329279532.912153 322901432.912153 307780900 64 0.00318660676675601 0
154880 391794.36496415 54042.3231360526 4.98828466302156 1.04106563599227 352904076.764621 153894954.842353 -405.433482689343 937.385168445285 279110201.408094 175585949.511541 -433.012669074288 1010.12096069042 -3.77441165071147e+28 -74293858491.0282 7.50934940000001e+25 329386400.547835 323008300.547835 307780900 64 0.00318648080230216 0
155520 394993.087889376 54711.3241551257 5.00772208535027 1.04956806740379 352644093.731707 154494660.356651 -407.013300675203 936.694115185223 278832599.913451 176231977.739714 -434.491423773642 1008.71666474916 -3.77441165071146e+28 -73907297505.2439 7.50934940000001e+25 329493444.694132 323115344.694132 307780900 64 0.00318634555303955 0
156160 398204.246164428 55385.7773238338 5.02714512188594 1.05810359961368 352383099.989194 155093922.735851 -408.59194942503 936.000371587125 278554053.12615 176877106.092259 -435.966707443093 1007.30885242339 -3.77441165071146e+28 -69436387569.3829 7.50934940000001e+25 329600662.98671 323222562.98671 307780900 64 0.00318620105982468 0
156800 401427.830564466 56065.7038190206 5.04655371659291 1.06667220864601 352121096.286852 155692740.258759 -410.169424384405 935.303939599686 278274563.269927 177521332.324583 -437.438512977429 1005.89754212433 -3.77441165071146e+28 -61260467387.7617 7.50934940000001e+25 329708053.064648 323329953.064648 307780900 64 0.00318604736429077 0
157440 404663.831828798 56751.1248021553 5.06594781347422 1.07527387043113 351858083.377362 156291111.205433 -411.745721002056 934.604821179218 277994132.573043 178164654.20386 -438.906833338855 1004.48275220908 -3.77441165071146e+28 -65245684165.9055 7.50934940000001e+25 329815612.570492 323437512.570492 307780900 64 0.00318588450883147 0
158080 407912.240660906 57442.0614192722 5.08532735657176 1.08390856080573 351594062.016319 156889033.857182 -413.32083472987 933.903018289645 277712763.268244 178807069.508997 -440.371661556729 1003.06450098027 -3.77441165071146e+28 -65247807290.3783 7.50934940000001e+25 329923339.150291 323545239.150291 307780900 64 0.0031857125365847 0
158720 411173.047728472 58138.5348009116 5.10469228996648 1.0925762555129 351329032.962227 157486506.496577 -414.894761022903 933.198532902501 277430457.592715 179448576.030595 -441.832990727305 1001.64280668569 -3.77441165071146e+28 -64635856633.3417 7.50934940000001e+25 330031230.453647 323653130.453647 307780900 64 0.00318553149141669 0
159360 414446.243663405 58840.5660620589 5.12404255777846 1.10127693020218 351062996.976498 158083527.407453 -416.467495339399 932.49136699692 277147217.788036 180089171.570915 -443.290814013455 1000.21768751804 -3.77441165071146e+28 -68741403896.0202 7.50934940000001e+25 330139284.133753 323761184.133753 307780900 64 0.00318534141790608 0
160000 417731.819061858 59548.1763020858 5.14337810416712 1.11001056042961 350795954.823449 158680094.874913 -418.039033140794 931.781522559637 276863046.100144 180728853.943848 -444.745124644399 998.789161614545 -3.77441165071146e+28 -76844075811.0823 7.50934940000001e+25 330247497.847438 323869397.847438 307780900 64 0.00318514236132821 0
160640 421029.764484264 60261.3866046897 5.16269887333136 1.11877712165783 350527907.270302 159276207.185335 -419.609369891734 931.069001584979 276577944.779288 181367620.97487 -446.195915915428 997.357247056693 -3.77441165071146e+28 -85504274924.2837 7.50934940000001e+25 330355869.255205 323977769.255205 307780900 64 0.00318493436763956 0
161280 424340.070455352 60980.2180378341 5.18200480950971 1.1275765892561 350258855.087179 159871862.626374 -421.178501060088 930.353806074863 276291916.079986 182005470.501013 -447.643181187613 995.92196186992 -3.77441165071146e+28 -102378369501.941 7.50934940000001e+25 330464396.021275 324086296.021275 307780900 64 0.00318471748346227 0
161920 427662.727464178 61704.6916536893 5.20129585698047 1.13640893850036 349988799.047102 160467059.486972 -422.746422116955 929.635938038787 276004962.260984 182642400.370829 -449.086913887525 994.483324023323 -3.77441165071146e+28 -98721507210.7638 7.50934940000001e+25 330573075.813623 324194975.813623 307780900 64 0.00318449175606891 0
162560 430997.72596415 62434.828488572 5.2205719600619 1.14527414457331 349717739.925991 161061796.057355 -424.313128536681 928.915399493832 275717085.585214 183278408.444351 -450.527107506937 993.041351429374 -3.77441165071146e+28 -90621164269.3158 7.50934940000001e+25 330681906.304018 324303806.304018 307780900 64 0.00318425723336727 0
163200 434345.056373051 63170.6495628864 5.2398330631123 1.15417218256447 349445678.502662 161656070.629047 -425.878615796872 928.19219246465 275428288.319754 183913492.593056 -451.963755602526 991.596061943644 -3.77441165071146e+28 -91854809352.9422 7.50934940000001e+25 330790885.168061 324412785.168061 307780900 64 0.00318401396388539 0
163840 437704.709073065 63912.1758810637 5.25907911053026 1.16310302747023 349172615.558823 162249881.494867 -427.442879378401 927.466318983463 275138572.735783 184547650.699832 -453.396851795576 990.147473364538 -3.77441165071146e+28 -97048905387.4198 7.50934940000001e+25 330900010.085224 324521910.085224 307780900 64 0.00318376199675674 0
164480 441076.674410808 64659.4284315034 5.27831004675472 1.1720666541939 348898551.879073 162843226.948938 -429.005914765427 926.737781090058 274847941.108542 185180880.658941 -454.826389771667 988.695603433028 -3.77441165071146e+28 -103137766781.516 7.50934940000001e+25 331009278.738882 324631178.738882 307780900 64 0.00318350138170547 0
165120 444460.942697345 65412.4281865132 5.29752581626518 1.1810630375458 348623488.250901 163436105.286691 -430.567717445402 926.006580831779 274556395.717295 185813180.375978 -456.252363280364 987.240469832401 -3.77441165071146e+28 -109229296771.183 7.50934940000001e+25 331118688.816352 324740588.816352 307780900 64 0.00318323216903189 0
165760 447857.504208226 66171.1961022498 5.31672636358185 1.19009215224329 348347425.464682 164028514.80487 -432.128282909086 925.272720263527 274263938.845283 186444547.767837 -457.674766134909 985.782090188012 -3.77441165071146e+28 -112294040876.116 7.50934940000001e+25 331228238.008926 324850138.008926 307780900 64 0.00318295440959807 0
166400 451266.349183502 66935.7531186589 5.33591163326574 1.19915397291085 348070364.313678 164620453.801535 -433.687606650559 924.536201447752 273970572.779689 187074980.762677 -459.093592211895 984.320482067044 -3.77441165071146e+28 -107977191510.866 7.50934940000001e+25 331337924.011909 324959824.011909 307780900 64 0.00318266815481358 0
167040 454687.467827759 67706.1201594166 5.35508156991891 1.20824847408015 347792305.594031 165211920.576071 -435.245684167234 923.797026454447 273676299.811591 187704477.299877 -460.508835450944 982.855662978274 -3.77441165071146e+28 -110874611133.748 7.50934940000001e+25 331447744.524647 325069644.524647 307780900 64 0.00318237345662144 0
167680 458120.850310142 68482.3181318695 5.37423611818455 1.21737563019009 347513250.104765 165802913.429189 -436.802510959868 923.055197361145 273381122.23593 188333035.330006 -461.920489854384 981.387650371848 -3.77441165071146e+28 -108691613643.78 7.50934940000001e+25 331557697.250563 325179597.250563 307780900 64 0.00318207036748412 0
168320 461566.486764378 69264.3679269751 5.39337522274712 1.22653541558686 347233198.647782 166393430.66293 -438.358082532574 922.310716252914 273085042.351463 188960652.81478 -463.328549486914 979.916461639059 -3.77441165071146e+28 -108998491755.778 7.50934940000001e+25 331667779.897188 325289679.897188 307780900 64 0.00318175894036982 0
168960 465024.367288809 70052.2904192432 5.41249882833259 1.23572780452403 346952152.027862 166983470.580676 -439.912394392835 921.56358522235 272788062.460725 189587327.727028 -464.733008475272 978.442114112136 -3.77441165071146e+28 -109386333497.649 7.50934940000001e+25 331777990.176193 325399890.176193 307780900 64 0.00318143922873881 0
169600 468494.481946412 70846.1064666761 5.43160687970849 1.24495277116258 346670111.052656 167573031.487146 -441.465442051516 920.813806369574 272490184.869992 190213058.050653 -466.133861007891 976.964625064036 -3.77441165071146e+28 -118689312626.216 7.50934940000001e+25 331888325.80342 325510225.80342 307780900 64 0.00318111128652993 0
170240 471976.82076483 71645.8369107096 5.45069932168412 1.254210289571 346387076.532689 168162111.68841 -443.017221022874 920.061381802225 272191411.889239 190837841.780592 -467.531101334562 975.48401170825 -3.77441165071146e+28 -106611935911.423 7.50934940000001e+25 331998784.49891 325620684.49891 307780900 64 0.00318077516814736 0
170880 475471.373736397 72451.5025761535 5.4697760991107 1.26350033372532 346103049.281356 168750709.491885 -444.567726824574 919.306313635458 271891745.832101 191461676.92278 -468.924723766086 974.000291198601 -3.77441165071146e+28 -114317662909.615 7.50934940000001e+25 332109363.986932 325731263.986932 307780900 64 0.00318043092844738 0
171520 478978.130818165 73263.1242711329 5.48883715688148 1.27282287750917 345818030.114919 169338823.206348 -446.116954977698 918.548603991934 271591189.015837 192084561.494113 -470.314722673922 972.513480629064 -3.77441165071146e+28 -114098406848.468 7.50934940000001e+25 332220061.996014 325841961.996014 307780900 64 0.00318007862272537 0
172160 482497.081931931 74080.722787029 5.50788243993195 1.28217789471388 345532019.852504 169926451.141934 -447.66490100676 917.788255001821 271289743.761286 192706493.522407 -471.701092489834 971.023597033586 -3.77441165071146e+28 -111609786624.998 7.50934940000001e+25 332330876.258971 325952776.258971 307780900 64 0.00317971830670303 0
172800 486028.216964266 74904.3188984196 5.52691189323994 1.29156535903851 345245019.316104 170513591.610146 -449.211560439717 917.025268802784 270987412.392832 193327471.046359 -473.083827705535 969.530657385908 -3.77441165071146e+28 -116736643753.035 7.50934940000001e+25 332441804.512928 326063704.512928 307780900 64 0.00317935003651562 0
