# t x0 y0 vx0 vy0 x1 y1 vx1 vy1 x2 y2 vx2 vy2 E Px Py r_probe_earth altitude_probe perigee dt_used a_probe P_drag
0 0 0 0 0 384748000 0 0 1022 314159000 0 0 1200 -3.77441165071147e+28 0 7.5093494e+25 314159000 307780900 307780900 128 0.00305422308031494 0
1280 27.1377854826365 0.0307565640566849 0.0424027492952576 7.20856701173636e-05 384745794.318564 1308157.50019461 -3.4463739509136 1021.99414108331 314156497.988118 1535993.74102909 -3.9093815900547 1199.98533059505 -3.77441165071147e+28 -39876943.8365085 7.5093494e+25 314160225.766747 307782125.766747 307780900 128 0.00305425294693134 0
2560 108.550830726817 0.246052099469034 0.0848050123351187 0.000288341873880365 384739177.299548 2616300.00159046 -6.89270838038201 1021.97656439878 314148992.044448 3071949.92912533 -7.81861946524274 1199.9413241235 -3.77441165071147e+28 -81807222.0081739 7.5093494e+25 314163902.883736 307785802.883736 307780900 128 0.00305434251351174 0
3840 244.23820212466 0.830423512727905 0.127206302869356 0.000648766191529386 384728149.018835 3924412.5055566 -10.3389637673802 1021.9472701431 314136482.44492 4607831.01581833 -11.7275699188204 1199.86798581432 -3.77441165071147e+28 -171033775.87838 7.5093494e+25 314170030.801293 307791930.801293 307780900 128 0.0030544916803105 0
5120 434.19834367406 1.96840358061413 0.169606134658078 0.00115335459015723 384712709.60289 5232480.01379774 -13.7851005917231 1021.90625864403 314118969.649397 6143599.46156013 -15.6360892603071 1199.76532437922 -3.77441165071147e+28 39824178.4115056 7.5093494e+25 314178608.603566 307800508.603566 307780900 128 0.00305470028128708 0
6400 678.429076995221 3.84451888539249 0.2120040214769 0.00180210142374739 384692859.228768 6540487.52852207 -17.2310793344863 1021.85353036049 314096454.301653 7679217.74018032 -19.5440338236609 1199.63335200792 -3.77441165071147e+28 -236206178.108873 7.5093494e+25 314189635.00894 307811535.00894 307780900 128 0.0030549680844086 0
7680 976.927601353817 6.64328775006436 0.254399477122113 0.00259499943322757 384668598.124103 7848420.05260907 -20.6768604784253 1021.78908588245 314068937.229332 9214648.34333374 -23.4512599755055 1199.47208436142 -3.77441165071147e+28 304937947.715302 7.5093494e+25 314203108.370604 307825008.370604 307780900 128 0.00305529479207226 0
8960 1329.69049369076 10.5492181736989 0.296792015415847 0.00353203974653859 384639926.567112 9156262.5897773 -24.1224045083963 1021.71292593102 314036419.443905 10749853.7849385 -27.3576241234269 1199.28154056339 -3.77441165071147e+28 198749437.911679 7.5093494e+25 314219026.677293 307840926.677293 307780900 128 0.00305568004164601 0
10240 1736.71370865858 15.7468057668618 0.339181150211246 0.00461321187871849 384606844.886589 10464000.1447522 -27.5676719117759 1021.62505135839 313998902.14061 12284796.6056015 -31.2629827243555 1199.06174318971 -3.77441165071147e+28 477192921.774314 7.5093494e+25 314237387.554182 307859287.554182 307780900 128 0.0030561234061259 0
11520 2197.99257866445 22.420531687162 0.381566395397629 0.00583850373200205 384569353.461902 11771617.7234341 -31.012623178881 1021.52546314782 313956386.698385 13819439.3770298 -35.167192293051 1198.81271825613 -3.77441165071147e+28 1188814544.52022 7.5093494e+25 314258188.263947 307880088.263947 307780900 128 0.00305662439490822 0
12800 2713.52181391976 30.7548605749354 0.423947264905665 0.00720790159593548 384527452.722992 13079100.3330654 -34.4572188033893 1021.41416241367 313908874.679786 15353744.7064248 -39.0701094107053 1198.534495204 -3.77441165071147e+28 206547255.637413 7.5093494e+25 314281425.707981 307903325.707981 307780900 128 0.00305718245467371 0
14080 3283.29550249638 40.9342384890846 0.466323272712534 0.00872139014750654 384481143.150361 14386432.9823992 -37.9014192827586 1021.29115040134 313856367.8309 16887675.2408563 -42.9715907336793 1198.22710688428 -3.77441165071147e+28 349622520.210112 7.5093494e+25 314307096.427773 307928996.427773 307780900 128 0.0030577969703814 0
15360 3907.30711038952 53.1430908430961 0.508693932847097 0.0103789524512899 384430425.275076 15693600.6818662 -41.3451851186475 1021.15642848729 313798868.081239 18421193.6716166 -46.871493002389 1197.89058953966 -3.77441165071147e+28 190060918.42623 7.5093494e+25 314335196.606439 307957096.606439 307780900 128 0.00305846726636878 0
16640 4585.54948158712 67.5658203412522 0.551058759395061 0.0121805699596077 384375299.678756 17000588.4437433 -44.7884768173347 1021.00999817904 313736377.54363 19954262.7385485 -50.769673050354 1197.52498278489 -3.77441165071147e+28 989766031.333205 7.5093494e+25 314365722.070411 307987622.070411 307780900 128 0.0030591926075551 0
17920 5318.014838146 84.3868049150595 0.593417266504148 0.0141262225127057 384315766.993571 18307381.2823203 -48.2312548901394 1020.8518611151 313668898.514087 21486845.2343488 -54.6659878134245 1197.1303295854 -3.77441165071147e+28 1742840632.16325 7.50934940000001e+25 314398668.291277 308020568.291277 307780900 128 0.00305997220074412 0
19200 6104.69478027448 103.790395659911 0.635768968389258 0.0162158883389443 384251827.902231 19613964.2140686 -51.6734798538406 1020.68201906501 313596433.471677 23018904.0088421 -58.5602943391975 1196.70667623408 -3.77441165071147e+28 849767221.588123 7.5093494e+25 314434030.387773 308055930.387773 307780900 128 0.00306080519602223 0
20480 6945.58028642172 125.960914772003 0.678113379337635 0.0184495440550055 384183483.137982 20920322.2578083 -55.1151122310976 1020.50047392931 313518985.078369 24550401.9732242 -62.4524497966355 1196.25407232652 -3.77441165071147e+28 490728549.01949 7.50934940000001e+25 314471803.127925 308093703.127925 307780900 128 0.00306169068824795 0
21760 7840.66171337361 151.08265348553 0.720450013714034 0.0208271646661142 384110733.484597 22226440.434876 -58.5561125508692 1020.30722773948 313436556.178874 26081302.104273 -66.3423114858997 1195.77257073437 -3.77441165071147e+28 827951658.000337 7.50934940000001e+25 314511980.931331 308133880.931331 307780900 128 0.00306262771862822 0
23040 8789.92879635526 179.339870010166 0.762778385965883 0.0233487235662758 384033579.776368 23532303.7692924 -61.9964413488337 1020.10228265801 313349149.800467 27611567.448524 -70.229736848408 1195.26222757727 -3.77441165071147e+28 -585878634.904648 7.50934940000001e+25 314554557.871595 308176457.871595 307780900 128 0.00306361527637696 0
24320 9793.37064914018 210.916787468866 0.805098010628444 0.0260141925385284 383952022.898095 24837897.28793 -65.4360591678086 1019.88564097826 313256769.152804 29141161.1264086 -74.114583477127 1194.723102193 -3.77441165071147e+28 -1597494823.99308 7.50934940000001e+25 314599527.678898 308221427.678898 307780900 128 0.00306465230045096 0
25600 10850.975764166 245.997591835997 0.847408402329984 0.028823541755211 383866063.785081 26143206.0206807 -68.8749265581701 1019.65730512457 313159417.627719 30670046.3363535 -77.9967091271082 1194.15525710618 -3.77441165071146e+28 -2068496675.8989 7.50934940000001e+25 314646883.742702 308268783.742702 307780900 128 0.0030657376813582 0
26880 11962.7320126567 284.76642987582 0.889709075796929 0.0317767397782459 383775703.423118 27448215.0006231 -72.313004078273 1019.41727765211 313057098.79901 32198186.3588391 -81.8759717262749 1193.55875799543 -3.77441165071147e+28 -4270131637.74974 7.50934940000001e+25 314696619.114599 308318519.114599 307780900 128 0.00306687026303336 0
28160 13128.6266447518 327.407407081351 0.931999545859032 0.0348737535594375 383680942.848477 28752909.2641903 -75.7502522948698 1019.16556124696 312949816.42221 33725544.5604149 -85.7522293864678 1192.933673659 -3.77441165071146e+28 -4299124001.77967 7.50934940000001e+25 314748726.511286 308370626.511286 307780900 128 0.00306804884477527 0
29440 14348.6462896418 374.104585613607 0.974279327454529 0.0381145484407859 383581783.1479 30057273.8513374 -79.1866317835303 1018.90215872602 312837574.434346 35252084.3976696 -89.6253404147549 1192.28007597903 -3.77441165071147e+28 -3983311282.2154 7.50934940000001e+25 314803198.317668 308425098.317668 307780900 128 0.00306927218324095 0
30720 15622.7769557101 425.041982241263 1.0165479356353 0.0414990881548157 383478225.458586 31361293.8057087 -82.6221031290613 1018.627073037 312720376.953681 36777769.4211548 -93.4951633250107 1191.59803988433 -3.77441165071146e+28 -3533854890.39015 7.50934940000001e+25 314860026.590088 308481926.590088 307780900 128 0.00307053899449073 0
32000 16951.0040306823 480.403566280745 1.05880488557204 0.0450273348249204 383370270.968177 32664954.1748053 -86.0566269259256 1018.3403072584 312598228.279442 38302563.2792608 -97.3615568497682 1190.88764331193 -3.77441165071146e+28 -1920639542.49525 7.50934940000001e+25 314919203.05968 308541103.05968 307780900 128 0.00307184795607887 0
33280 18333.312281781 540.373257536769 1.1010496925594 0.0486992489657217 383257920.914752 33968240.0101527 -89.4901637786616 1018.04186459949 312471132.89153 39826429.7220409 -101.224379952347 1190.14896716722 -3.77441165071146e+28 -1720065075.87838 7.50934940000001e+25 314980719.13584 308602619.13584 307780900 128 0.00307319770918437 0
34560 19769.6858558882 605.134924243352 1.14328187202114 0.0525147894834448 383141176.586805 35271136.3674676 -92.9226743023019 1017.73174840025 312339095.45022 41349332.6049856 -105.08349183926 1189.38209528291 -3.77441165071146e+28 -1166648933.61511 7.50934940000001e+25 315044565.909809 308666465.909809 307780900 128 0.00307458686077602 0
35840 21260.1082797136 674.872381005315 1.18550093951532 0.056473913676308 383020039.323238 36573628.3068258 -96.3541191227932 1017.40996213135 312202120.79584 42871235.892742 -108.938751972896 1188.58711437673 -3.77441165071146e+28 821756906.646234 7.50934940000001e+25 315110734.158369 308732634.158369 307780900 128 0.00307601398580644 0
37120 22804.5624599701 749.769386740285 1.22770641073942 0.0605765772349285 382894510.513345 37875700.8928289 -99.7844588774147 1017.07650939414 312060213.948436 44392103.6627796 -112.790020084483 1187.76411400807 -3.77441165071146e+28 -706530369.162358 7.50934940000001e+25 315179214.347646 308801114.347646 307780900 128 0.00307747762942952 0
38400 24403.0306835551 830.009642621243 1.26989780153551 0.0648227342427428 382764591.596797 39177339.1947721 -103.213654215198 1016.73139392058 311913380.107418 45911900.1089983 -116.637156187328 1186.91318653342 -3.77441165071146e+28 520199294.806605 7.50934940000001e+25 315249996.637018 308871896.637018 307780900 128 0.00307897630923558 0
39680 26055.4946177394 915.7767900196 1.31207462789542 0.0692123371764431 382630284.063624 40478528.2868109 -106.641665797344 1016.37461957323 311761624.651193 47430589.5452808 -120.480020590328 1186.03442706081 -3.77441165071146e+28 1229745909.28482 7.5093494e+25 315323070.883117 308944970.883117 307780900 128 0.0030805085174991 0
40960 27761.9353103616 1007.25440844886 1.35423640596584 0.0737453369064283 382491589.454204 41779253.2481286 -110.068454297644 1016.00619034521 311604953.136773 48948136.408984 -124.318473911755 1185.12793340329 -3.77441165071146e+28 -1141073987.50755 7.5093494e+25 315398426.643932 309020326.643932 307780900 128 0.00308207272343356 0
42240 29522.3331900303 1104.62601350886 1.39638265205354 0.0784216826972707 382348509.359244 43079499.1631031 -113.493980402898 1015.62611036014 311443371.299376 50464505.2643713 -128.152377093303 1184.19380603135 -3.77441165071146e+28 -2281472088.61984 7.5093494e+25 315476053.182998 309097953.182998 307780900 128 0.00308366737544812 0
43520 31336.6680663316 1208.0750548306 1.43851288263048 0.0832413222081977 382201045.419762 44379251.1214741 -116.918204813332 1015.23438387213 311276885.052 51979660.8059837 -131.981591414401 1183.23214802462 -3.77441165071146e+28 -2908727823.86203 7.5093494e+25 315555939.47368 309177839.47368 307780900 128 0.00308529090340123 0
44800 33204.9191300446 1317.78491402177 1.48062661433894 0.0882042014935896 382049199.327074 45678494.21851 -120.341088243017 1014.83101526573 311105500.484978 53493567.8619473 -135.805978506775 1182.24306502258 -3.77441165071146e+28 -5135137843.74704 7.5093494e+25 315638074.203526 309259974.203526 307780900 128 0.00308694172084597 0
46080 35127.0649533618 1433.9389026128 1.52272336399674 0.0933102650034911 381892972.822768 46977213.5551751 -123.762591420288 1014.41600905588 310929223.865526 55006191.3972189 -139.625400369256 1181.22666517455 -3.77441165071146e+28 -4264669389.89285 7.50934940000001e+25 315722445.778712 309344345.778712 307780900 128 0.00308861822726248 0
47360 37103.083490118 1556.7202600037 1.5648026486023 0.0985594555841399 381732367.698695 48275394.2382958 -127.182675088163 1013.98936988788 310748061.637254 56517496.5167653 -143.43971938283 1180.18305908901 -3.77441165071146e+28 -3857083568.33141 7.50934940000001e+25 315809042.328558 309430942.328558 307780900 128 0.00309031881027279 0
48640 39132.952076024 1686.31215141151 1.60686398533985 0.103951714478509 381567385.796943 49573021.3807283 -130.601300004758 1013.55110253732 310562020.419675 58027448.4686788 -147.248798325913 1179.11235978213 -3.77441165071146e+28 -1584842261.45945 7.50934940000001e+25 315897851.710108 309519751.710108 307780900 128 0.00309204184783361 0
49920 41216.6474289082 1822.89766581851 1.64890689158456 0.109486981326867 381398029.00982 50870080.1015247 -134.01842694371 1013.10121191007 310371107.007681 59536012.6472256 -151.052500389842 1178.01468262574 -3.77441165071146e+28 -3519198098.25842 7.50934940000001e+25 315988861.51278 309610761.51278 307780900 128 0.00309378571040266 0
51200 43354.1456489643 1966.65981392105 1.69093088490764 0.115165194167347 381224299.279835 52166555.5261002 -137.434016694591 1012.63970304221 310175328.371008 61043154.5958275 -154.850689194579 1176.89014529478 -3.77441165071146e+28 -3180609048.4318 7.50934940000001e+25 316082059.063083 309703959.063083 307780900 128 0.00309554876307466 0
52480 45545.4222190052 2117.78152607927 1.73293548308156 0.120986289436542 381046198.599672 53462432.7863992 -140.848030063327 1012.1665811 309974691.653673 62548840.0099758 -158.643228804605 1175.73886771414 -3.77441165071146e+28 -3607158829.44494 7.5093494e+25 316177431.429381 309799331.429381 307780900 128 0.003097329367683 0
53760 47790.4520047241 2276.44565026749 1.77492020408511 0.126950201970104 380863729.012178 54757697.0210624 -144.260427872617 1011.68185137981 309769204.1734 64053034.7400771 -162.429983744998 1174.56097200506 -3.77441165071146e+28 -2069389141.57339 7.5093494e+25 316274965.426717 309896865.426717 307780900 128 0.00309912588486332 0
55040 50089.2092549619 2442.83495002537 1.8168845661086 0.133056865003366 380676892.610332 56052333.3755931 -147.67117096235 1011.18551930808 309558873.421017 65555704.7942301 -166.210819017679 1173.35658243123 -3.77441165071146e+28 -3362169221.67581 7.50934940000001e+25 316374647.621685 309996547.621685 307780900 128 0.00310093667607583 0
56320 52441.6676019811 2617.13210240993 1.85882808755896 0.139306210171975 380485691.537229 57346327.0025234 -151.08022019002 1010.67759044127 309343707.059836 67056816.3409332 -169.985600117813 1172.12582534434 -3.77441165071146e+28 2523531056.30004 7.5093494e+25 316476464.337345 310098364.337345 307780900 128 0.00310276010558277 0
57600 54847.8000617466 2799.51969594839 1.90075028706488 0.145698167512543 380290127.986054 58639663.0615812 -154.487536431148 1010.15807046579 309123712.925008 68556335.7117222 -173.754193050354 1170.86882912949 -3.77441165071146e+28 5693076851.7266 7.5093494e+25 316580401.658179 310202301.658179 307780900 128 0.0031045945423784 0
58880 57307.5790342127 2990.18022859179 1.94265068348197 0.152232665463315 380090204.200058 59932326.7198559 -157.893080579696 1009.626965198 308898899.022866 70054229.4037379 -177.516464346707 1169.58572415027 -3.77441165071146e+28 4172578933.87525 7.50934940000001e+25 316686445.435084 310308345.435084 307780900 128 0.00310643836206836 0
60160 59820.9763036166 3189.29610566952 1.98452879589787 0.158909630864842 379885922.47254 61224303.1519651 -161.296813548485 1009.08428058406 308669273.530235 71550464.0822233 -181.272281081508 1168.27664269363 -3.77441165071146e+28 349033397.045893 7.50934940000001e+25 316794581.290396 310416481.290396 307780900 128 0.0031082899486962 0
61440 62387.9630387792 3397.04963784474 2.02638414363737 0.165728988960687 379677285.146813 62515577.5402206 -164.698696269613 1008.53002269999 308434844.793728 73045006.5829502 -185.02151088949 1166.94171891459 -3.77441165071147e+28 3202353573.69236 7.50934940000001e+25 316904794.622947 310526694.622947 307780900 128 0.00311014769651451 0
62720 65008.5097934114 3613.62303907066 2.06821624626758 0.172690663398128 379464294.616189 63806135.0747944 -168.09868969487 1007.96419775149 308195621.329018 74537823.914575 -188.764021982427 1165.58108878086 -3.77441165071146e+28 4945023284.09432 7.50934940000001e+25 317017070.613136 310638970.613136 307780900 128 0.00311201001169868 0
64000 67682.5865064282 3839.19842454778 2.110024623603 0.179794576228888 379246953.323946 65095960.9538849 -171.496754796156 1007.386812074 307951611.820089 76028883.260923 -192.49968316614 1164.19489001739 -3.77441165071146e+28 3664414554.20298 7.50934940000001e+25 317131394.228031 310753294.228031 307780900 128 0.00311387531400143 0
65280 70410.1625022677 4073.95780868205 2.15180879571072 0.187040647909876 379025263.763306 66385040.3838827 -174.892852565897 1006.79787213254 307702825.118465 77518151.9832028 -196.228363857545 1162.78326205089 -3.77441165071146e+28 5318252712.03761 7.50934940000001e+25 317247750.226482 310869650.226482 307780900 128 0.00311574203834637 0
66560 73191.2064912186 4318.08310304397 2.19356828291545 0.194428797303944 378799228.477407 67673358.5795368 -178.286944017462 1006.1973845217 307449270.242414 79005597.6221485 -199.949934101713 1161.34634595434 -3.77441165071146e+28 5042469455.89137 7.50934940000001e+25 317366123.164248 310988023.164248 307780900 128 0.00311760863635934 0
67840 76025.6865697528 4571.75611432872 2.23530260580473 0.20195894168066 378568850.059276 68960900.7641198 -181.67899018558 1005.58535596558 307190956.376137 80491187.9000919 -203.664264588959 1159.88428439165 -3.77441165071146e+28 1381011092.72358 7.50934940000001e+25 317486497.399127 311108397.399127 307780900 128 0.00311947357783612 0
69120 78913.5702208652 4835.15854231724 2.277011285234 0.209630996717094 378334131.151803 70247652.1695943 -185.068952126753 1004.96179331771 306927892.868929 81974890.722963 -207.371226671893 1158.39722156236 -3.77441165071146e+28 -1463747251.27429 7.50934940000001e+25 317608857.096103 311230757.096103 307780900 128 0.00312133535214572 0
70400 81854.8243144198 5108.47197783835 2.31869384233174 0.217444876498622 378095074.447709 71533598.0367782 -188.456790919677 1004.32670356098 306660089.234319 83456674.182221 -211.070692382464 1156.88530314653 -3.77441165071146e+28 -2118005660.11265 7.50934940000001e+25 317733186.232485 311355086.232485 307780900 128 0.00312319246956826 0
71680 84849.4151075025 5391.87790073189 2.36034979850456 0.225400493519745 377851682.689522 72818723.61551 -191.842467665653 1003.68009380759 306387555.149195 84936506.5567134 -214.762534448937 1155.34867624977 -3.77441165071146e+28 568725007.655452 7.50934940000001e+25 317859468.603042 311481368.603042 307780900 128 0.00312504346256706 0
72960 87897.3082447804 5685.55767781296 2.40197867544235 0.233497758684919 377603958.669545 74103014.1648148 -195.225943489006 1003.02197129896 306110300.452893 86414356.3144664 -218.446626312818 1153.78748934856 -3.77441165071147e+28 -2146214994.14383 7.50934940000001e+25 317987687.825144 311609587.825144 307780900 128 0.00312688688699437 0
74240 90998.4687588678 5989.69256083718 2.44357999512336 0.241736581309407 377351905.229828 75386454.9530694 -198.607179537498 1002.3523434057 305828335.146284 87890192.1144042 -222.122842145682 1152.20189223579 -3.77441165071146e+28 -5705658946.37895 7.50934940000001e+25 318117827.343879 311739727.343879 307780900 128 0.00312872132323057 0
75520 94152.8610706983 6304.46368446709 2.48515327981934 0.250116869120141 377095525.262134 76669031.2581673 -201.986136982745 1001.67121762748 305541669.390819 89363982.8079995 -225.791056865908 1150.59203596666 -3.77441165071146e+28 -6927119523.87758 7.50934940000001e+25 318249870.437173 311871770.437173 307780900 128 0.00313054537725691 0
76800 97360.448989904 6630.05206423962 2.52669805210063 0.258638528256601 376834821.707913 77950728.3676846 -205.362777020632 1000.97860159304 305250313.507569 90835697.4408549 -229.451146155283 1148.95807280479 -3.77441165071146e+28 -8727100866.50044 7.50934940000001e+25 318383800.22088 312005700.22088 307780900 128 0.00313235768166175 0
78080 100621.195715201 6966.63859453477 2.56821383484124 0.267301463271712 376569797.558268 79231531.5790443 -208.737060871727 1000.27450306002 304954277.976233 92305305.2542152 -233.102986475474 1147.30015616889 -3.77441165071146e+28 -5854525745.86777 7.50934940000001e+25 318519599.653864 312141499.653864 307780900 128 0.00313415689658076 0
79360 103935.06383478 7314.40404654534 2.60970015122402 0.27610557713275 376300455.853923 80511426.199682 -212.108949781699 999.558929914984 304653573.434134 93772775.6864122 -236.746455084339 1145.61844057963 -3.77441165071146e+28 -8096034312.44165 7.50934940000001e+25 318657251.543056 312279151.543056 307780900 128 0.00313594171057139 0
80640 107302.015326709 7673.52906624796 2.65115652474571 0.28505077122227 376026799.685193 81790397.5472102 -215.478405021726 998.83189017326 304348210.675183 95238078.3742413 -240.381430052068 1143.91308160711 -3.77441165071146e+28 -12947084261.7059 7.50934940000001e+25 318796738.548485 312418638.548485 307780900 128 0.00313771084142233 0
81920 110722.011559332 8044.19417237517 2.69258247922204 0.294136945339044 375748832.191947 83068430.9495839 -218.845387888918 998.093391978922 304038200.648836 96701183.1542715 -244.007790277122 1142.18423581866 -3.77441165071146e+28 -15145123241.4391 7.50934940000001e+25 318938043.18828 312559943.18828 307780900 128 0.00313946303689861 0
83200 114195.013291686 8426.57975438884 2.73397753879286 0.303363997699017 375466556.563578 84345511.7452644 -222.209859706724 997.343443604686 303723554.459019 98162060.0640884 -247.625415501974 1140.43206072722 -3.77441165071146e+28 -12085219075.5343 7.5093494e+25 319081147.843651 312703047.843651 307780900 128 0.00314119707542317 0
84480 117720.980673918 8820.86607045478 2.77534122792721 0.312731824936278 375179976.03897 85621625.2833846 -225.571781825351 996.582053451837 303404283.36304 99620679.3434724 -251.23418632862 1138.65671474016 -3.77441165071146e+28 -14122074325.6406 7.50934940000001e+25 319226034.763825 312847934.763825 307780900 128 0.00314291176669601 0
85760 121299.873247705 9227.23324541854 2.8166730714284 0.322240322104047 374889093.906457 86896756.9239131 -228.931115622173 995.809230050148 303080398.770477 101077011.43551 -254.833984233846 1136.85835710873 -3.77441165071146e+28 -18660527357.7162 7.50934940000001e+25 319372686.070955 312994586.070955 307780900 128 0.00314460595225182 0
87040 124931.649946693 9645.86126878258 2.85797259443913 0.331889382675674 374593913.503795 88170892.0378191 -232.287822502151 995.0249820578 302751912.242051 102531026.987644 -258.424691584239 1135.03714787799 -3.77441165071146e+28 -21108125649.6741 7.50934940000001e+25 319521083.764989 313142983.764989 307780900 128 0.00314627850595747 0
88320 128616.26909693 10076.9299926847 2.89923932244658 0.341678898545657 374294438.218125 89444016.0072362 -235.64186389824 994.229318261298 302418835.488476 103982696.852656 -262.006191650929 1133.19324783733 -3.77441165071146e+28 -20154090309.3967 7.50934940000001e+25 319671209.7285 313293109.7285 307780900 128 0.0031479283344505 0
89600 132353.688417307 10520.6191298776 2.94047278128746 0.351608760030673 373990671.485933 90716114.2256268 -238.993201271809 993.422247575389 302081180.369291 105431992.089587 -265.578368624035 1131.32681847167 -3.77441165071146e+28 -14103495775.6575 7.50934940000001e+25 319823045.731468 313444945.731468 307780900 128 0.00314955437752001 0
90880 136143.865020018 10977.1082517104 2.98167249715311 0.361678855870626 373682616.793017 91987172.0979462 -242.341796113047 992.603779042975 301738958.891679 106878883.964599 -269.141107626814 1129.43802191319 -3.77441165071146e+28 -9368268659.41515 7.50934940000001e+25 319976573.436028 313598473.436028 307780900 128 0.00315115560843142 0
92160 139986.755411006 11446.5767861103 3.02283799659459 0.371889073229706 373370277.674449 93257175.0408067 -245.687609941382 991.773921835027 301392183.209258 108323343.951773 -272.69429472949 1127.52702089381 -3.77441165071146e+28 -15422725951.1035 7.50934940000001e+25 320131774.401162 313753674.401162 307780900 128 0.00315273103419659 0
93440 143882.315490438 11929.2040155672 3.06396880652775 0.382239297697472 373053657.714538 94526108.4826414 -249.030604305888 990.932685250497 301040865.620863 109765343.733845 -276.237816962762 1125.59397869818 -3.77441165071145e+28 -15940985689.9345 7.50934940000001e+25 320288630.087348 313910530.087348 307780900 128 0.0031542796957909 0
94720 147830.500553164 12425.1690751181 3.10506445423832 0.39272941328994 372732760.546791 95793957.8638676 -252.370740785705 990.080078716232 300685018.569309 111204855.202883 -279.771562330951 1123.63905911754 -3.77441165071146e+28 -13617762708.646 7.50934940000001e+25 320447121.861156 314069021.861156 307780900 128 0.00315580066831879 0
96000 151831.265289202 12934.6509503343 3.14612446738693 0.403359302450691 372407589.853871 97060708.6370512 -255.707980990442 989.216111786879 300324654.640136 112641850.46091 -283.295419824814 1121.66242640408 -3.77441165071146e+28 -12634614584.6263 7.50934940000001e+25 320607230.999792 314229130.999792 307780900 128 0.00315729306112966 0
97280 155884.56378422 13457.8284753088 3.18714837401424 0.414128846051998 372078149.367566 98326346.2670695 -259.042286560598 988.340794144801 299959786.560336 114076301.820461 -286.809279433971 1119.66424522617 -3.77441165071146e+28 -11331330493.3994 7.50934940000001e+25 320768938.695595 314390838.695595 307780900 128 0.00315875601788556 0
98560 159990.349520019 13994.8803306465 3.22813570254598 0.42503792339596 371744442.868741 99590856.2312749 -262.373619167966 987.454135599976 299590427.19707 115508181.80509 -290.313032158969 1117.64468062415 -3.77441165071146e+28 -19327624048.6607 7.50934940000001e+25 320932226.060466 314554126.060466 307780900 128 0.00316018871658262 0
99840 164148.575375039 14545.9850414545 3.26908598179802 0.436086412215659 371406474.187301 100854224.019658 -265.70194051605 986.556146089908 299216589.556365 116937463.149818 -293.806570022947 1115.60389796699 -3.77441165071146e+28 -15579834673.5928 7.50934940000001e+25 321097074.130253 314718974.130253 307780900 128 0.0031615903695279 0
101120 168359.193624854 15111.3209753344 3.30999874098143 0.447274188676327 371064247.20215 102116435.135012 -269.027212340475 985.646835679533 298838286.781796 118364118.801525 -297.289786082911 1113.54206290963 -3.77441165071146e+28 -19012286528.3544 7.50934940000001e+25 321263463.869072 314885363.869072 307780900 128 0.00316296022327339 0
102400 172622.155942684 15691.066340377 3.35087350970751 0.458601127376529 370717765.841152 103377475.093094 -272.349396409397 984.72621456112 298455532.15316 119788121.91929 -300.762574440589 1111.45934135101 -3.77441165071146e+28 -18224328230.68 7.50934940000001e+25 321431376.173566 315053276.173566 307780900 128 0.0031642975585091 0
103680 176937.413399911 16285.3991831569 3.39170981799291 0.470067101349366 370367034.081083 104637329.422788 -275.668454523914 983.794293054176 298068339.085129 121209445.874677 -304.224830252884 1109.35589939293 -3.77441165071146e+28 -19445638922.2844 7.50934940000001e+25 321600791.877113 315222691.877113 307780900 128 0.00316560168991685 0
104960 181304.916466601 16894.49738673 3.43250719626461 0.481671982063685 370012055.947596 105895983.666269 -278.984348518479 982.851081605342 297676721.125893 122628064.25197 -307.676449741891 1107.2319032997 -3.77441165071146e+28 -18956374132.7334 7.50934940000001e+25 321771691.753962 315393591.753962 307780900 128 0.00316687196598669 0
106240 185724.61501203 17518.5386686317 3.47326517536503 0.493415639425314 369652835.515171 107153423.379165 -282.297040261306 981.896590788302 297280691.95579 124043950.848351 -311.117330204487 1105.08751945841 -3.77441165071146e+28 -17492335038.9582 7.50934940000001e+25 321944056.523313 315565956.523313 307780900 128 0.00316810776879778 0
107520 190196.458305222 18157.7005788773 3.51398328655704 0.505297941778302 369289376.907076 108409634.13072 -285.606491654785 980.930831303674 296880265.385927 125457079.674038 -314.547370021478 1102.92291434015 -3.77441165071146e+28 -12229033977.8554 7.50934940000001e+25 322117866.853331 315739766.853331 307780900 128 0.00316930851376535 0
108800 194720.395015489 18812.1604979636 3.554661061529 0.517318755906181 368921684.295324 109664601.503956 -288.912664635889 979.95381397891 296475455.356784 126867424.952364 -317.966468666307 1100.73825446189 -3.77441165071146e+28 -15245264185.0725 7.50934940000001e+25 322293103.365099 315915003.365099 307780900 128 0.0031704736493557 0
110080 199296.37321298 19482.0956348722 3.59529803239983 0.529477947033244 368549761.900623 110918311.095833 -292.215521176583 978.965549768193 296066275.936812 128274961.119814 -321.374526713301 1098.53370634917 -3.77441165071146e+28 -9809544852.71779 7.50934940000001e+25 322469746.6365 316091646.6365 307780900 128 0.00317160265677089 0
111360 203924.340369233 20167.6830250748 3.63589373172402 0.541775378825829 368173613.992337 112170748.517417 -295.515023284237 977.966049752334 295652741.321018 129679662.826011 -324.771445845476 1096.30943649958 -3.77441165071146e+28 -7616679940.51053 7.50934940000001e+25 322647777.20604 316269677.20604 307780900 128 0.0031726950496049 0
112640 208604.243357738 20869.0995285392 3.67644769249669 0.554210913393634 367793244.888436 113421899.394036 -298.811133002031 976.95532513866 295234865.82954 131081504.933658 -328.157128861863 1094.06561134703 -3.77441165071146e+28 -14137271458.9484 7.50934940000001e+25 322827175.576599 316449075.576599 307780900 128 0.003173750373473 0
113920 213336.028454504 21586.5218277386 3.71695944815859 0.566784411291031 367408658.955452 114671749.365444 -302.103812409368 975.933387260912 294812663.906217 132480462.518435 -331.531479684392 1091.80239722676 -3.77441165071146e+28 -11383668753.2036 7.50934940000001e+25 323007922.219121 316629822.219121 307780900 128 0.00317476820561595 0
115200 218119.641338631 22320.1264256605 3.75742853260115 0.579495731518404 367019860.608432 115920284.085986 -305.393023622278 974.900247579136 294386150.117144 133876510.868848 -334.894403364286 1089.51996034116 -3.77441165071146e+28 -12862377960.4681 7.50934940000001e+25 323189997.57623 316811897.57623 307780900 128 0.00317574815448078 0
116480 222955.027092891 23070.0896438196 3.7978544801715 0.592344731523501 366626854.31089 117167489.224752 -308.67872879383 973.85591767957 293955339.149228 135269625.48604 -338.245806088004 1087.21846672643 -3.77441165071146e+28 -13399673826.2226 7.50934940000001e+25 323373382.065785 316995282.065785 307780900 128 0.00317668985927968 0
117760 227842.130204316 23836.5876202704 3.83823682567749 0.605331267202802 366229644.574763 118413350.465748 -311.960890114539 972.800409274534 293520245.808724 136659782.083557 -341.585595182702 1084.89808221988 -3.77441165071146e+28 -15803489215.0482 7.50934940000001e+25 323558056.084364 317179956.084364 307780900 128 0.00317759298952872 0
119040 232780.894564788 24619.796307623 3.87857510439269 0.618455192902897 365828235.960356 119657853.508049 -315.239469812773 971.733734202321 293080885.019777 138046956.587071 -344.913679121219 1082.55897242814 -3.77441165071146e+28 -19816866224.3527 7.50934940000001e+25 323744000.010678 317365900.010678 307780900 128 0.00317845724456777 0
120320 237771.263471641 25419.8914710599 3.91886885206144 0.631716361421889 365422633.076301 120900984.065964 -318.514430155163 970.65590442708 292637271.822951 139431125.134069 -348.229967526596 1080.20130269609 -3.77441165071146e+28 -15957791635.9195 7.50934940000001e+25 323931194.208923 317553094.208923 307780900 128 0.0031792823530634 0
121600 242813.179628266 26237.0486863548 3.95911760490383 0.645114624010799 365012840.579501 122142727.869198 -321.785733447006 969.5669320387 292189421.373754 140812264.073493 -351.534371176116 1077.82523807657 -3.77441165071146e+28 -14428471185.643 7.50934940000001e+25 324119619.032054 317741519.032054 307780900 128 0.00318006807249592 0
122880 247906.585144721 27071.4433378936 3.99932089962073 0.658649830375001 364598863.175085 123383070.663012 -325.053342032677 968.466829252699 291737348.94116 142190349.96535 -354.826802004869 1075.43094330082 -3.77441165071146e+28 -21893579239.4412 7.50934940000001e+25 324309254.825002 317931154.825002 307780900 128 0.00318081418863234 0
124160 253051.421538354 27923.2506166963 4.03947827339877 0.672321828675657 364180705.616356 124621998.208379 -328.317218296031 967.355608410102 291281069.906121 143565359.580284 -358.107173108842 1073.01858274975 -3.77441165071146e+28 -17157193199.0083 7.50934940000001e+25 324500081.927811 318121981.927811 307780900 128 0.00318152051498628 0
125440 258247.629734424 28792.6455184419 4.07958926391536 0.686130465531182 363758372.704738 125859496.282155 -331.577324660813 966.233281977324 290820599.760083 144937269.899106 -361.375398747542 1070.5883204259 -3.77441165071146e+28 -14668372956.2786 7.50934940000001e+25 324692080.678716 318313980.678716 307780900 128 0.00318218689226657 0
126720 263495.150066733 29679.8028414944 4.11965340934369 0.700075586018711 363331869.28973 127095550.677227 -334.833623591063 965.099862546053 290355954.103494 146306058.112292 -364.63139434614 1068.14031992623 -3.77441165071146e+28 -10015040818.8139 7.50934940000001e+25 324885231.417151 318507131.417151 307780900 128 0.00318281318781543 0
128000 268793.922278266 30584.8971849307 4.15967024835769 0.714157033675592 362901200.268849 128330147.202684 -338.08607759152 963.955362833123 289887148.644311 147671701.619452 -367.875076497151 1065.67474441555 -3.77441165071146e+28 -7258806875.92075 7.5093494e+25 325079514.48668 318701414.48668 307780900 128 0.00318339929503787 0
129280 274143.885521834 31508.1029465709 4.19963932013706 0.728374650500886 362466370.58758 129563271.68397 -341.334649208031 962.7997956804 289414199.196504 149034178.028753 -371.106362961646 1063.19175660078 -3.77441165071146e+28 -9034489601.13914 7.5093494e+25 325274910.237874 318896810.237874 307780900 128 0.00318394513282326 0
130560 279544.978360724 32449.5943210105 4.23956016437223 0.742728276956888 362027385.239324 130794909.963049 -344.579301027954 961.63317405465 288937121.678562 150393465.156323 -374.32517267 1060.69151870591 -3.77441165071145e+28 -14175020371.4528 7.50934940000001e+25 325471399.031112 319093299.031112 307780900 128 0.00318445064496036 0
131840 284997.138769356 33409.5452976537 4.27943232126937 0.757217751970657 361584249.265341 132025047.898559 -347.819995680562 960.45551104742 288455932.111992 151749541.025613 -377.53142572218 1058.17419244766 -3.77441165071145e+28 -758713786.515981 7.5093494e+25 325668961.239314 319290861.239314 307780900 128 0.00318491579954689 0
133120 290500.304133945 34388.1296587497 4.31925533155531 0.771842912935571 361136967.7547 133253671.365978 -351.05669583745 959.266819874911 287970646.619828 153102383.866734 -380.725043387575 1055.63993901191 -3.77441165071146e+28 -6166534670.41373 7.5093494e+25 325867577.250614 319489477.250614 307780900 128 0.00318534058839474 0
134400 296054.411253177 35385.5209774305 4.3590287364826 0.786603595712883 360685545.844224 134480766.257779 -354.289364212938 958.067113877849 287481281.425128 154451972.115765 -383.905948104375 1053.08891903078 -3.77441165071146e+28 4178780884.0092 7.5093494e+25 326067227.470957 319689127.470957 307780900 128 0.00318572502643185 0
135680 301659.396338874 36401.8926157508 4.39875207783439 0.801499634633309 360229988.718433 135706318.48359 -357.517963564475 956.856406521359 286987852.849484 155798284.414026 -387.074063478504 1050.52129256043 -3.77441165071146e+28 -735084051.713806 7.5093494e+25 326267892.326639 319889792.326639 307780900 128 0.00318606915110166 0
136960 307315.195016689 37437.41772273 4.43842489792946 0.816530862498615 359770301.609488 136930313.970356 -360.742456693044 955.634711394835 286490377.311523 157141299.607329 -390.229314282104 1047.93721905961 -3.77441165071146e+28 4214649855.08493 7.5093494e+25 326469552.266779 320091452.266779 307780900 128 0.00318637302176122 0
138240 313021.742326783 38492.2692323959 4.47804673962718 0.831697110583231 359306489.79714 138152738.662495 -363.962806443561 954.402042211808 285988871.325422 158480996.7452 -393.371626451585 1045.33685736879 -3.77441165071145e+28 -8380014380.29907 7.5093494e+25 326672187.765718 320294087.765718 307780900 128 0.00318663671907878 0
139520 318778.97272453 39566.6198618311 4.51761714633243 0.846998208635872 358838558.608669 139373578.522057 -367.178975705286 953.158412809813 285483351.499412 159817355.080074 -396.500927085244 1042.72036569006 -3.77441165071146e+28 -7097358680.65234 7.5093494e+25 326875779.325365 320497679.325365 307780900 128 0.00318686034443158 0
140800 324586.82008121 40660.6421092209 4.55713566200058 0.862433984881183 358366513.418826 140592819.528883 -370.390927412217 951.903837150259 284973834.534299 161150354.066467 -399.617144440452 1040.0879015676 -3.77441165071146e+28 -11298089752.2652 7.5093494e+25 327080307.477476 320702207.477476 307780900 128 0.00318704401930491 0
142080 330445.217684725 41774.5082519037 4.59660183114244 0.878004266021389 357890359.649779 141810447.680766 -373.598624543499 950.638329318294 284460337.221977 162479973.360118 -402.720207930421 1037.43962186892 -3.77441165071146e+28 -6954052382.01462 7.5093494e+25 327285752.785863 320907652.785863 307780900 128 0.00318718788469302 0
143360 336354.098240306 42908.3903444232 4.6360151988292 0.893708877237966 357410102.771057 143026448.993605 -376.802030123821 949.361903522666 283942876.443955 163806192.817116 -405.810048120564 1034.77568276664 -3.77441165071146e+28 -10671696743.8876 7.5093494e+25 327492095.848547 321113995.848547 307780900 128 0.00318729210050257 0
144640 342313.393871237 44062.460216583 4.67537531069739 0.909547642193331 356925748.299482 144240809.501566 -380.001107223823 948.074574095587 283421469.169881 165128992.492995 -408.886596724434 1032.09623972098 -3.77441165071146e+28 -7823612034.61481 7.5093494e+25 327699317.299847 321321217.299847 307780900 128 0.00318735684495948 0
145920 348323.036119582 45236.8894715034 4.71468171295378 0.925520383032534 356437301.799119 145453515.257239 -383.195818960491 946.776355492599 282896132.45608 166448352.641815 -411.949786599269 1029.40144746282 -3.77441165071146e+28 -5934476651.11806 7.5093494e+25 327907397.81241 321529297.81241 307780900 128 0.00318738231401964 0
147200 354382.955946916 46431.8494836801 4.75393395238037 0.941626920384981 355944768.881215 146664552.331797 -386.386128497565 945.467262292431 282366883.444089 167764253.715214 -414.999551741143 1026.69145997742 -3.77441165071146e+28 -12295281348.6945 7.5093494e+25 328116318.099176 321738218.099176 307780900 128 0.00318736872078421 0
148480 360493.083735068 47647.5113970454 4.79313157633927 0.957867073366161 355448155.204135 147873906.815151 -389.571999045934 944.147309196855 281833739.359203 169076676.361447 -418.035827279726 1023.96643048875 -3.77441165071146e+28 -7164301694.83702 7.5093494e+25 328326058.915282 321947958.915282 307780900 128 0.00318731629491997 0
149760 366653.349286861 48884.0461230313 4.83227413277764 0.974240659579393 354947466.473303 149081564.816109 -392.75339386404 942.816511030552 281296717.50903 170385601.424399 -421.058549472665 1021.22651144435 -3.77441165071146e+28 8149952.57290581 7.5093494e+25 328536601.059919 322158501.059919 307780900 128 0.00318722528208531 0
151040 372863.681826871 50141.6243386354 4.87136117023262 0.990747495117585 354442708.441144 150287512.462535 -395.930276258275 941.474882740964 280755835.282048 171691009.942585 -424.067655699588 1018.47185450088 -3.77441165071146e+28 -9045316655.11441 7.5093494e+25 328747925.378111 322369825.378111 307780900 128 0.00318709594336235 0
152320 379124.010002178 51420.4164844884 4.91039223783626 1.00738739456501 353933886.907019 151491735.901502 -399.102609583382 940.122439398149 280211110.146176 172992883.148126 -427.06308445575 1015.70261051015 -3.77441165071146e+28 -11915706952.6116 7.5093494e+25 328960012.762456 322581912.762456 307780900 128 0.00318692855469559 0
153600 385434.261883139 52720.5927629242 4.94936688532039 1.02416017099911 353421007.717162 152694221.299452 -402.270357242857 938.759196194637 279662559.647347 174291202.465711 -430.044775345313 1012.91892950579 -3.77441165071146e+28 -2452093989.07359 7.5093494e+25 329172844.154796 322794744.154796 307780900 128 0.00318672340633762 0
154880 391794.364964149 54042.3231360527 4.98828466302156 1.04106563599227 352904076.764622 153894954.842352 -405.433482689342 937.385168445285 279110201.408096 175585949.511541 -433.012669074281 1010.12096069041 -3.77441165071146e+28 531601261.319174 7.5093494e+25 329386400.547836 323008300.547836 307780900 128 0.00318648080230212 0
156160 398204.246164428 55385.7773238339 5.02714512188594 1.05810359961367 352383099.989195 155093922.73585 -408.591949425029 936.000371587125 278554053.126152 176877106.092258 -435.966707443086 1007.30885242339 -3.77441165071146e+28 5507355591.32892 7.5093494e+25 329600662.986711 323222562.986711 307780900 128 0.00318620105982464 0
157440 404663.831828797 56751.1248021553 5.06594781347421 1.07527387043112 351858083.377362 156291111.205432 -411.745721002055 934.604821179218 277994132.573045 178164654.203859 -438.906833338847 1004.48275220908 -3.77441165071146e+28 -7245243372.46489 7.5093494e+25 329815612.570493 323437512.570493 307780900 128 0.00318588450883142 0
158720 411173.047728472 58138.5348009116 5.10469228996648 1.0925762555129 351329032.962228 157486506.496577 -414.894761022902 933.1985329025 277430457.592717 179448576.030594 -441.832990727297 1001.64280668569 -3.77441165071146e+28 -6753699248.26548 7.5093494e+25 330031230.453648 323653130.453648 307780900 128 0.00318553149141665 0
160000 417731.819061858 59548.1763020859 5.14337810416712 1.11001056042961 350795954.82345 158680094.874913 -418.039033140793 931.781522559637 276863046.100146 180728853.943847 -444.745124644392 998.789161614544 -3.77441165071146e+28 -1900332650.37051 7.5093494e+25 330247497.847439 323869397.847439 307780900 128 0.00318514236132817 0
161280 424340.070455351 60980.2180378342 5.18200480950971 1.12757658925609 350258855.087179 159871862.626374 -421.178501060087 930.353806074863 276291916.079988 182005470.501012 -447.643181187605 995.921961869919 -3.77441165071145e+28 -6432923494.6873 7.50934940000001e+25 330464396.021276 324086296.021276 307780900 128 0.00318471748346224 0
162560 430997.72596415 62434.8284885721 5.22057196006189 1.1452741445733 349717739.925992 161061796.057355 -424.31312853668 928.915399493832 275717085.585216 183278408.44435 -450.527107506929 993.041351429373 -3.77441165071145e+28 792747625.209602 7.5093494e+25 330681906.304019 324303806.304019 307780900 128 0.00318425723336723 0
163840 437704.709073065 63912.1758810637 5.25907911053026 1.16310302747022 349172615.558824 162249881.494866 -427.4428793784 927.466318983463 275138572.735785 184547650.699831 -453.396851795569 990.147473364538 -3.77441165071145e+28 2600090874.01235 7.5093494e+25 330900010.085225 324521910.085225 307780900 128 0.0031837619967567 0
165120 444460.942697345 65412.4281865132 5.29752581626518 1.18106303754579 348623488.250902 163436105.286691 -430.5677174454 926.006580831778 274556395.717297 185813180.375977 -456.252363280357 987.2404698324 -3.77441165071145e+28 3304601378.2493 7.5093494e+25 331118688.816353 324740588.816353 307780900 128 0.00318323216903185 0
166400 451266.349183501 66935.7531186589 5.33591163326574 1.19915397291085 348070364.313679 164620453.801535 -433.687606650558 924.536201447752 273970572.779691 187074980.762676 -459.093592211887 984.320482067043 -3.77441165071145e+28 4674990046.93074 7.5093494e+25 331337924.01191 324959824.01191 307780900 128 0.00318266815481354 0
167680 458120.850310141 68482.3181318695 5.37423611818454 1.21737563019008 347513250.104766 165802913.429189 -436.802510959866 923.055197361145 273381122.235932 188333035.330005 -461.920489854376 981.387650371848 -3.77441165071145e+28 -4747650086.3477 7.50934940000001e+25 331557697.250564 325179597.250564 307780900 128 0.00318207036748407 0
168960 465024.367288809 70052.2904192433 5.41249882833259 1.23572780452402 346952152.027863 166983470.580675 -439.912394392833 921.56358522235 272788062.460727 189587327.727027 -464.733008475263 978.442114112135 -3.77441165071145e+28 -5442369940.21697 7.50934940000001e+25 331777990.176195 325399890.176195 307780900 128 0.00318143922873876 0
170240 471976.82076483 71645.8369107096 5.45069932168412 1.254210289571 346387076.53269 168162111.688409 -443.017221022872 920.061381802225 272191411.889241 190837841.780591 -467.531101334554 975.484011708249 -3.77441165071145e+28 -11021340129.2617 7.5093494e+25 331998784.498911 325620684.498911 307780900 128 0.00318077516814731 0
171520 478978.130818165 73263.124271133 5.48883715688148 1.27282287750916 345818030.11492 169338823.206348 -446.116954977697 918.548603991934 271591189.015839 192084561.494112 -470.314722673914 972.513480629063 -3.77441165071145e+28 -5622909178.30697 7.50934940000001e+25 332220061.996016 325841961.996016 307780900 128 0.00318007862272532 0
172800 486028.216964266 74904.3188984196 5.52691189323994 1.29156535903851 345245019.316105 170513591.610145 -449.211560439715 917.025268802783 270987412.392834 193327471.046358 -473.083827705527 969.530657385907 -3.77441165071145e+28 -3966178786.87388 7.5093494e+25 332441804.512929 326063704.512929 307780900 128 0.00317935003651558 0
