# t x0 y0 vx0 vy0 x1 y1 vx1 vy1 x2 y2 vx2 vy2 E Px Py r_probe_earth altitude_probe perigee dt_used a_probe P_drag
0 0 0 0 0 384748000 0 0 1022 314159000 0 0 1200 -3.77441165071147e+28 0 7.5093494e+25 314159000 307780900 307780900 512 0.00305422308031494 0
5120 434.198343674061 1.9684035824238 0.169606134658082 0.00115335459015723 384712709.60289 5232480.01379759 -13.7851005917235 1021.90625864403 314118969.649397 6143599.46155857 -15.6360892602995 1199.76532437922 -3.77441165071147e+28 82132345.1093501 7.5093494e+25 314178608.603566 307800508.603566 307780900 512 0.00305470028128707 0
10240 1736.71370865858 15.7468057704808 0.339181150211254 0.00461321187871849 384606844.886589 10464000.1447519 -27.5676719117766 1021.62505135839 313998902.14061 12284796.6055984 -31.2629827243404 1199.06174318971 -3.77441165071147e+28 278588373.124452 7.5093494e+25 314237387.554182 307859287.554182 307780900 512 0.0030561234061259 0
15360 3907.30711038951 53.1430908485237 0.508693932847109 0.0103789524512898 384430425.275076 15693600.6818658 -41.3451851186485 1021.15642848729 313798868.081239 18421193.6716119 -46.8714930023665 1197.89058953966 -3.77441165071147e+28 678978680.894498 7.5093494e+25 314335196.606439 307957096.606439 307780900 512 0.00305846726636877 0
20480 6945.5802864217 125.960914779238 0.678113379337652 0.0184495440550054 384183483.137982 20920322.2578077 -55.115112231099 1020.5004739293 313518985.07837 24550401.973218 -62.4524497966059 1196.25407232652 -3.77441165071147e+28 645175789.765317 7.5093494e+25 314471803.127924 308093703.127924 307780900 512 0.00306169068824793 0
25600 10850.9757641659 245.997591845038 0.847408402330005 0.0288235417552109 383866063.785081 26143206.0206799 -68.8749265581718 1019.65730512457 313159417.62772 30670046.3363458 -77.9967091270719 1194.15525710617 -3.77441165071147e+28 2465034842.76007 7.5093494e+25 314646883.742702 308268783.742702 307780900 512 0.00306573768135817 0
30720 15622.7769557101 425.041982252109 1.01654793563533 0.0414990881548155 383478225.458586 31361293.8057078 -82.6221031290633 1018.627073037 312720376.953682 36777769.4211457 -93.4951633249679 1191.59803988433 -3.77441165071147e+28 1709377078.45528 7.5093494e+25 314860026.590087 308481926.590087 307780900 512 0.00307053899449067 0
35840 21260.1082797136 674.872381017961 1.18550093951535 0.0564739136763078 383020039.323238 36573628.3068247 -96.3541191227956 1017.40996213135 312202120.795841 42871235.8927315 -108.938751972847 1188.58711437672 -3.77441165071147e+28 2568434585.95143 7.5093494e+25 315110734.158368 308732634.158368 307780900 512 0.00307601398580638 0
40960 27761.9353103615 1007.25440846331 1.35423640596588 0.073745336906428 382491589.454204 41779253.2481274 -110.068454297647 1016.00619034521 311604953.136774 48948136.4089721 -124.3184739117 1185.12793340328 -3.77441165071147e+28 2477758522.25742 7.5093494e+25 315398426.643931 309020326.643931 307780900 512 0.00308207272343346 0
46080 35127.0649533617 1433.93890262904 1.52272336399677 0.0933102650034907 381892972.822768 46977213.5551737 -123.762591420291 1014.41600905588 310929223.865527 55006191.3972056 -139.625400369196 1181.22666517454 -3.77441165071147e+28 -950736549.759231 7.5093494e+25 315722445.778711 309344345.778711 307780900 512 0.00308861822726237 0
51200 43354.1456489642 1966.65981393908 1.69093088490769 0.115165194167347 381224299.279835 52166555.5260987 -137.434016694594 1012.63970304221 310175328.371009 61043154.595813 -154.850689194515 1176.89014529477 -3.77441165071147e+28 -142005025.838415 7.5093494e+25 316082059.063081 309703959.063081 307780900 512 0.00309554876307456 0
56320 52441.667601981 2617.13210242976 1.858828087559 0.139306210171974 380485691.537229 57346327.0025217 -151.080220190024 1010.67759044127 309343707.059837 67056816.3409175 -169.985600117745 1172.12582534431 -3.77441165071147e+28 -2140673950.3735 7.5093494e+25 316476464.337343 310098364.337343 307780900 512 0.00310276010558266 0
61440 62387.963038779 3397.04963786634 2.02638414363742 0.165728988960687 379677285.146814 62515577.5402188 -164.698696269618 1008.53002269998 308434844.793729 73045006.5829333 -185.021510889418 1166.94171891456 -3.77441165071147e+28 -752150982.794729 7.5093494e+25 316904794.622944 310526694.622944 307780900 512 0.00311014769651438 0
66560 73191.2064912183 4318.08310306736 2.1935682829155 0.194428797303943 378799228.477408 67673358.5795348 -178.286944017467 1006.1973845217 307449270.242416 79005597.6221305 -199.949934101639 1161.34634595431 -3.77441165071147e+28 -4585643890.22705 7.5093494e+25 317366123.164245 310988023.164245 307780900 512 0.0031176086363592 0
71680 84849.4151075022 5391.87790075706 2.36034979850462 0.225400493519744 377851682.689522 72818723.6155079 -191.842467665658 1003.68009380759 306387555.149196 84936506.5566943 -214.762534448861 1155.34867624974 -3.77441165071147e+28 -2025520352.64092 7.5093494e+25 317859468.603039 311481368.603039 307780900 512 0.00312504346256691 0
76800 97360.4489899037 6630.05206426656 2.52669805210069 0.2586385282566 376834821.707913 77950728.3676823 -205.362777020637 1000.97860159304 305250313.507571 90835697.4408347 -229.451146155205 1148.95807280476 -3.77441165071147e+28 -2021711184.61037 7.5093494e+25 318383800.220876 312005700.220876 307780900 512 0.00313235768166159 0
81920 110722.011559332 8044.19417240387 2.69258247922211 0.294136945339043 375748832.191947 83068430.9495815 -218.845387888924 998.093391978921 304038200.648838 96701183.1542504 -244.007790277042 1142.18423581863 -3.77441165071147e+28 -1228440461.18035 7.5093494e+25 318938043.188276 312559943.188276 307780900 512 0.00313946303689844 0
87040 124931.649946693 9645.86126881304 2.85797259443921 0.331889382675673 374593913.503796 88170892.0378165 -232.287822502157 995.024982057798 302751912.242054 102531026.987622 -258.424691584159 1135.03714787795 -3.77441165071147e+28 -216716587.775479 7.5093494e+25 319521083.764985 313142983.764985 307780900 512 0.00314627850595728 0
92160 139986.755411006 11446.5767861426 3.02283799659467 0.371889073229705 373370277.674449 93257175.0408039 -245.687609941388 991.773921835025 301392183.20926 108323343.951751 -272.694294729409 1127.52702089377 -3.77441165071147e+28 -6410809806.10743 7.5093494e+25 320131774.401157 313753674.401157 307780900 512 0.0031527310341964 0
97280 155884.563784219 13457.8284753428 3.18714837401432 0.414128846051997 372078149.367566 98326346.2670665 -259.042286560605 988.340794144799 299959786.56034 114076301.820437 -286.80927943389 1119.66424522612 -3.77441165071147e+28 -10022223377.6703 7.5093494e+25 320768938.695589 314390838.695589 307780900 512 0.00315875601788535 0
102400 172622.155942684 15691.0663404127 3.3508735097076 0.458601127376528 370717765.841152 103377475.093091 -272.349396409404 984.726214561119 298455532.153164 119788121.919265 -300.762574440508 1111.45934135096 -3.77441165071147e+28 -7852152889.49321 7.5093494e+25 321431376.173561 315053276.173561 307780900 512 0.00316429755850888 0
107520 190196.458305221 18157.7005789147 3.51398328655713 0.505297941778301 369289376.907076 108409634.130717 -285.606491654793 980.930831303672 296880265.385931 125457079.674012 -314.547370021398 1102.9229143401 -3.77441165071147e+28 -5087275257.38895 7.50934939999999e+25 322117866.853325 315739766.853325 307780900 512 0.00316930851376513 0
112640 208604.243357738 20869.0995285784 3.67644769249679 0.554210913393634 367793244.888436 113421899.394032 -298.811133002039 976.955325138658 295234865.829544 131081504.933632 -328.157128861784 1094.06561134699 -3.77441165071147e+28 2304122303.7045 7.50934939999999e+25 322827175.576593 316449075.576593 307780900 512 0.00317375037347276 0
117760 227842.130204316 23836.5876203113 3.83823682567759 0.605331267202801 366229644.574763 118413350.465744 -311.960890114547 972.800409274532 293520245.808729 136659782.08353 -341.585595182624 1084.89808221983 -3.77441165071147e+28 1465888406.15558 7.50934939999999e+25 323558056.084357 317179956.084357 307780900 512 0.00317759298952848 0
122880 247906.585144721 27071.4433379362 3.99932089962084 0.658649830375001 364598863.175085 123383070.663008 -325.053342032686 968.466829252697 291737348.941165 142190349.965323 -354.826802004792 1075.43094330077 -3.77441165071147e+28 -3677934351.32212 7.50934939999999e+25 324309254.824995 317931154.824995 307780900 512 0.00318081418863209 0
128000 268793.922278266 30584.897184975 4.1596702483578 0.714157033675593 362901200.268849 128330147.20268 -338.086077591529 963.955362833122 289887148.644317 147671701.619424 -367.875076497076 1065.6747444155 -3.77441165071147e+28 -9216880975.79319 7.5093494e+25 325079514.486672 318701414.486672 307780900 512 0.00318339929503762 0
133120 290500.304133945 34388.1296587957 4.31925533155543 0.771842912935572 361136967.7547 133253671.365974 -351.05669583746 959.266819874909 287970646.619834 153102383.866706 -380.725043387501 1055.63993901186 -3.77441165071147e+28 -24358210687.3709 7.5093494e+25 325867577.250606 319489477.250606 307780900 512 0.0031853405883945 0
138240 313021.742326783 38492.2692324436 4.47804673962731 0.831697110583232 359306489.79714 138152738.662491 -363.962806443572 954.402042211806 285988871.325428 158480996.745172 -393.371626451513 1045.33685736874 -3.77441165071147e+28 -29802107017.9766 7.5093494e+25 326672187.76571 320294087.76571 307780900 512 0.00318663671907853 0
143360 336354.098240306 42908.3903444726 4.63601519882933 0.893708877237969 357410102.771056 143026448.993601 -376.802030123832 949.361903522664 283942876.443962 163806192.817087 -405.810048120494 1034.77568276659 -3.77441165071147e+28 -26970838227.0142 7.5093494e+25 327492095.848538 321113995.848538 307780900 512 0.00318729210050233 0
148480 360493.083735068 47647.5113970965 4.7931315763394 0.957867073366164 355448155.204135 147873906.815147 -389.571999045946 944.147309196854 281833739.359211 169076676.361418 -418.035827279657 1023.9664304887 -3.77441165071147e+28 -39223911461.5907 7.5093494e+25 328326058.915273 321947958.915273 307780900 512 0.00318731629491974 0
153600 385434.261883138 52720.592762977 4.94936688532053 1.02416017099911 353421007.717162 152694221.299447 -402.270357242868 938.759196194636 279662559.647354 174291202.465681 -430.044775345246 1012.91892950574 -3.77441165071147e+28 -37623836968.1832 7.5093494e+25 329172844.154787 322794744.154787 307780900 512 0.0031867234063374 0
158720 411173.047728472 58138.5348009661 5.10469228996662 1.0925762555129 351329032.962227 157486506.496572 -414.894761022915 933.198532902499 277430457.592725 179448576.030564 -441.832990727232 1001.64280668565 -3.77441165071147e+28 -40979174960.4598 7.5093494e+25 330031230.453639 323653130.453639 307780900 512 0.00318553149141643 0
163840 437704.709073065 63912.1758811198 5.25907911053041 1.16310302747023 349172615.558823 162249881.494862 -427.442879378413 927.466318983461 275138572.735793 184547650.699801 -453.396851795505 990.147473364491 -3.77441165071147e+28 -47504136530.1735 7.50934939999999e+25 330900010.085215 324521910.085215 307780900 512 0.00318376199675649 0
168960 465024.367288808 70052.2904193011 5.41249882833274 1.23572780452403 346952152.027862 166983470.580671 -439.912394392847 921.563585222348 272788062.460736 189587327.726997 -464.733008475201 978.442114112088 -3.77441165071147e+28 -54600330077.4875 7.50934939999999e+25 331777990.176184 325399890.176184 307780900 512 0.00318143922873855 0
173056 487444.080202287 75235.4413200697 5.53451922991853 1.29532942405298 345129942.009499 170748310.928597 -449.829862964922 916.719336384931 270866232.2549 193575594.357426 -473.635902881185 968.932629622801 -3.77441165071147e+28 -64814274339.6893 7.50934939999999e+25 332486207.225924 326108107.225924 307780900 512 0.00317920051392515 0
